0.000000	1.000000
0.001000	0.999215
0.002000	0.998288
0.003000	0.997220
0.004000	0.996011
0.005000	0.994661
0.006000	0.993171
0.007000	0.991542
0.008000	0.989773
0.009000	0.987865
0.010000	0.985818
0.011000	0.983634
0.012000	0.981312
0.013000	0.978853
0.014000	0.976258
0.015000	0.973527
0.016000	0.970660
0.017000	0.967659
0.018000	0.964524
0.019000	0.961255
0.020000	0.957854
0.021000	0.954321
0.022000	0.950656
0.023000	0.946860
0.024000	0.942934
0.025000	0.938879
0.026000	0.934696
0.027000	0.930385
0.028000	0.925947
0.029000	0.921382
0.030000	0.916693
0.031000	0.911879
0.032000	0.906941
0.033000	0.901881
0.034000	0.896699
0.035000	0.891396
0.036000	0.885973
0.037000	0.880430
0.038000	0.874770
0.039000	0.868993
0.040000	0.863099
0.041000	0.857090
0.042000	0.850968
0.043000	0.844732
0.044000	0.838384
0.045000	0.831925
0.046000	0.825356
0.047000	0.818678
0.048000	0.811892
0.049000	0.805000
0.050000	0.798003
0.051000	0.790901
0.052000	0.783696
0.053000	0.776389
0.054000	0.768981
0.055000	0.761474
0.056000	0.753868
0.057000	0.746165
0.058000	0.738366
0.059000	0.730472
0.060000	0.722485
0.061000	0.714405
0.062000	0.706235
0.063000	0.697975
0.064000	0.689627
0.065000	0.681192
0.066000	0.672671
0.067000	0.664066
0.068000	0.655378
0.069000	0.646608
0.070000	0.637758
0.071000	0.628829
0.072000	0.619822
0.073000	0.610740
0.074000	0.601583
0.075000	0.592352
0.076000	0.583050
0.077000	0.573677
0.078000	0.564235
0.079000	0.554725
0.080000	0.545150
0.081000	0.535509
0.082000	0.525806
0.083000	0.516041
0.084000	0.506215
0.085000	0.496331
0.086000	0.486390
0.087000	0.476393
0.088000	0.466341
0.089000	0.456237
0.090000	0.446081
0.091000	0.435876
0.092000	0.425623
0.093000	0.415323
0.094000	0.404978
0.095000	0.394589
0.096000	0.384158
0.097000	0.373687
0.098000	0.363177
0.099000	0.352629
0.100000	0.342046
0.101000	0.331428
0.102000	0.320778
0.103000	0.310096
0.104000	0.299385
0.105000	0.288646
0.106000	0.277881
0.107000	0.267091
0.108000	0.256277
0.109000	0.245442
0.110000	0.234586
0.111000	0.223712
0.112000	0.212822
0.113000	0.201915
0.114000	0.190995
0.115000	0.180063
0.116000	0.169120
0.117000	0.158168
0.118000	0.147208
0.119000	0.136243
0.120000	0.125273
0.121000	0.114300
0.122000	0.103327
0.123000	0.092353
0.124000	0.081382
0.125000	0.070414
0.126000	0.059451
0.127000	0.048495
0.128000	0.037547
0.129000	0.026608
0.130000	0.015681
0.131000	0.004767
0.132000	-0.006133
0.133000	-0.017017
0.134000	-0.027884
0.135000	-0.038731
0.136000	-0.049558
0.137000	-0.060363
0.138000	-0.071145
0.139000	-0.081902
0.140000	-0.092632
0.141000	-0.103334
0.142000	-0.114006
0.143000	-0.124648
0.144000	-0.135257
0.145000	-0.145832
0.146000	-0.156372
0.147000	-0.166874
0.148000	-0.177339
0.149000	-0.187764
0.150000	-0.198147
0.151000	-0.208488
0.152000	-0.218785
0.153000	-0.229037
0.154000	-0.239241
0.155000	-0.249398
0.156000	-0.259505
0.157000	-0.269560
0.158000	-0.279564
0.159000	-0.289514
0.160000	-0.299408
0.161000	-0.309247
0.162000	-0.319027
0.163000	-0.328749
0.164000	-0.338410
0.165000	-0.348009
0.166000	-0.357546
0.167000	-0.367018
0.168000	-0.376425
0.169000	-0.385765
0.170000	-0.395037
0.171000	-0.404240
0.172000	-0.413372
0.173000	-0.422433
0.174000	-0.431421
0.175000	-0.440335
0.176000	-0.449174
0.177000	-0.457937
0.178000	-0.466622
0.179000	-0.475228
0.180000	-0.483755
0.181000	-0.492201
0.182000	-0.500565
0.183000	-0.508846
0.184000	-0.517042
0.185000	-0.525154
0.186000	-0.533180
0.187000	-0.541118
0.188000	-0.548968
0.189000	-0.556729
0.190000	-0.564399
0.191000	-0.571978
0.192000	-0.579466
0.193000	-0.586860
0.194000	-0.594160
0.195000	-0.601365
0.196000	-0.608475
0.197000	-0.615487
0.198000	-0.622402
0.199000	-0.629219
0.200000	-0.635937
0.201000	-0.642554
0.202000	-0.649070
0.203000	-0.655485
0.204000	-0.661797
0.205000	-0.668006
0.206000	-0.674112
0.207000	-0.680112
0.208000	-0.686007
0.209000	-0.691796
0.210000	-0.697478
0.211000	-0.703053
0.212000	-0.708519
0.213000	-0.713877
0.214000	-0.719125
0.215000	-0.724264
0.216000	-0.729292
0.217000	-0.734209
0.218000	-0.739014
0.219000	-0.743707
0.220000	-0.748288
0.221000	-0.752755
0.222000	-0.757108
0.223000	-0.761348
0.224000	-0.765472
0.225000	-0.769482
0.226000	-0.773377
0.227000	-0.777155
0.228000	-0.780818
0.229000	-0.784363
0.230000	-0.787792
0.231000	-0.791104
0.232000	-0.794298
0.233000	-0.797374
0.234000	-0.800332
0.235000	-0.803172
0.236000	-0.805893
0.237000	-0.808495
0.238000	-0.810978
0.239000	-0.813342
0.240000	-0.815587
0.241000	-0.817711
0.242000	-0.819717
0.243000	-0.821602
0.244000	-0.823367
0.245000	-0.825013
0.246000	-0.826538
0.247000	-0.827943
0.248000	-0.829228
0.249000	-0.830393
0.250000	-0.831437
0.251000	-0.832361
0.252000	-0.833165
0.253000	-0.833849
0.254000	-0.834413
0.255000	-0.834858
0.256000	-0.835182
0.257000	-0.835386
0.258000	-0.835471
0.259000	-0.835436
0.260000	-0.835283
0.261000	-0.835010
0.262000	-0.834618
0.263000	-0.834107
0.264000	-0.833478
0.265000	-0.832731
0.266000	-0.831866
0.267000	-0.830884
0.268000	-0.829784
0.269000	-0.828567
0.270000	-0.827233
0.271000	-0.825783
0.272000	-0.824217
0.273000	-0.822536
0.274000	-0.820739
0.275000	-0.818828
0.276000	-0.816802
0.277000	-0.814663
0.278000	-0.812410
0.279000	-0.810044
0.280000	-0.807566
0.281000	-0.804975
0.282000	-0.802274
0.283000	-0.799461
0.284000	-0.796539
0.285000	-0.793506
0.286000	-0.790364
0.287000	-0.787114
0.288000	-0.783756
0.289000	-0.780290
0.290000	-0.776718
0.291000	-0.773040
0.292000	-0.769257
0.293000	-0.765368
0.294000	-0.761376
0.295000	-0.757281
0.296000	-0.753083
0.297000	-0.748784
0.298000	-0.744383
0.299000	-0.739882
0.300000	-0.735282
0.301000	-0.730582
0.302000	-0.725786
0.303000	-0.720892
0.304000	-0.715901
0.305000	-0.710816
0.306000	-0.705636
0.307000	-0.700362
0.308000	-0.694996
0.309000	-0.689537
0.310000	-0.683988
0.311000	-0.678348
0.312000	-0.672620
0.313000	-0.666803
0.314000	-0.660900
0.315000	-0.654909
0.316000	-0.648834
0.317000	-0.642674
0.318000	-0.636431
0.319000	-0.630106
0.320000	-0.623700
0.321000	-0.617213
0.322000	-0.610647
0.323000	-0.604003
0.324000	-0.597281
0.325000	-0.590484
0.326000	-0.583612
0.327000	-0.576665
0.328000	-0.569646
0.329000	-0.562556
0.330000	-0.555395
0.331000	-0.548164
0.332000	-0.540865
0.333000	-0.533499
0.334000	-0.526066
0.335000	-0.518569
0.336000	-0.511008
0.337000	-0.503385
0.338000	-0.495700
0.339000	-0.487955
0.340000	-0.480151
0.341000	-0.472289
0.342000	-0.464371
0.343000	-0.456397
0.344000	-0.448369
0.345000	-0.440288
0.346000	-0.432155
0.347000	-0.423972
0.348000	-0.415739
0.349000	-0.407458
0.350000	-0.399131
0.351000	-0.390758
0.352000	-0.382341
0.353000	-0.373881
0.354000	-0.365379
0.355000	-0.356836
0.356000	-0.348255
0.357000	-0.339635
0.358000	-0.330979
0.359000	-0.322288
0.360000	-0.313562
0.361000	-0.304804
0.362000	-0.296014
0.363000	-0.287194
0.364000	-0.278346
0.365000	-0.269469
0.366000	-0.260567
0.367000	-0.251639
0.368000	-0.242688
0.369000	-0.233715
0.370000	-0.224720
0.371000	-0.215706
0.372000	-0.206673
0.373000	-0.197624
0.374000	-0.188558
0.375000	-0.179479
0.376000	-0.170386
0.377000	-0.161281
0.378000	-0.152166
0.379000	-0.143041
0.380000	-0.133909
0.381000	-0.124770
0.382000	-0.115626
0.383000	-0.106478
0.384000	-0.097328
0.385000	-0.088176
0.386000	-0.079024
0.387000	-0.069874
0.388000	-0.060726
0.389000	-0.051582
0.390000	-0.042444
0.391000	-0.033312
0.392000	-0.024187
0.393000	-0.015072
0.394000	-0.005967
0.395000	0.003126
0.396000	0.012206
0.397000	0.021271
0.398000	0.030322
0.399000	0.039355
0.400000	0.048371
0.401000	0.057367
0.402000	0.066342
0.403000	0.075296
0.404000	0.084226
0.405000	0.093132
0.406000	0.102013
0.407000	0.110867
0.408000	0.119692
0.409000	0.128489
0.410000	0.137255
0.411000	0.145989
0.412000	0.154691
0.413000	0.163358
0.414000	0.171990
0.415000	0.180586
0.416000	0.189143
0.417000	0.197663
0.418000	0.206142
0.419000	0.214580
0.420000	0.222975
0.421000	0.231328
0.422000	0.239636
0.423000	0.247898
0.424000	0.256113
0.425000	0.264280
0.426000	0.272399
0.427000	0.280467
0.428000	0.288484
0.429000	0.296449
0.430000	0.304361
0.431000	0.312218
0.432000	0.320019
0.433000	0.327765
0.434000	0.335452
0.435000	0.343082
0.436000	0.350652
0.437000	0.358161
0.438000	0.365608
0.439000	0.372994
0.440000	0.380316
0.441000	0.387573
0.442000	0.394765
0.443000	0.401891
0.444000	0.408949
0.445000	0.415940
0.446000	0.422861
0.447000	0.429712
0.448000	0.436493
0.449000	0.443202
0.450000	0.449838
0.451000	0.456401
0.452000	0.462890
0.453000	0.469303
0.454000	0.475641
0.455000	0.481902
0.456000	0.488086
0.457000	0.494191
0.458000	0.500218
0.459000	0.506164
0.460000	0.512030
0.461000	0.517815
0.462000	0.523518
0.463000	0.529139
0.464000	0.534676
0.465000	0.540129
0.466000	0.545497
0.467000	0.550780
0.468000	0.555977
0.469000	0.561088
0.470000	0.566111
0.471000	0.571047
0.472000	0.575894
0.473000	0.580653
0.474000	0.585321
0.475000	0.589900
0.476000	0.594388
0.477000	0.598785
0.478000	0.603091
0.479000	0.607304
0.480000	0.611425
0.481000	0.615453
0.482000	0.619388
0.483000	0.623228
0.484000	0.626975
0.485000	0.630626
0.486000	0.634183
0.487000	0.637644
0.488000	0.641009
0.489000	0.644278
0.490000	0.647450
0.491000	0.650526
0.492000	0.653504
0.493000	0.656385
0.494000	0.659168
0.495000	0.661853
0.496000	0.664440
0.497000	0.666929
0.498000	0.669319
0.499000	0.671610
0.500000	0.673802
0.501000	0.675894
0.502000	0.677888
0.503000	0.679781
0.504000	0.681575
0.505000	0.683269
0.506000	0.684864
0.507000	0.686358
0.508000	0.687752
0.509000	0.689046
0.510000	0.690240
0.511000	0.691333
0.512000	0.692326
0.513000	0.693219
0.514000	0.694012
0.515000	0.694705
0.516000	0.695297
0.517000	0.695789
0.518000	0.696182
0.519000	0.696474
0.520000	0.696666
0.521000	0.696759
0.522000	0.696752
0.523000	0.696645
0.524000	0.696439
0.525000	0.696134
0.526000	0.695730
0.527000	0.695227
0.528000	0.694626
0.529000	0.693926
0.530000	0.693128
0.531000	0.692232
0.532000	0.691238
0.533000	0.690147
0.534000	0.688959
0.535000	0.687675
0.536000	0.686293
0.537000	0.684816
0.538000	0.683243
0.539000	0.681575
0.540000	0.679811
0.541000	0.677953
0.542000	0.676000
0.543000	0.673954
0.544000	0.671814
0.545000	0.669581
0.546000	0.667256
0.547000	0.664839
0.548000	0.662329
0.549000	0.659729
0.550000	0.657038
0.551000	0.654257
0.552000	0.651387
0.553000	0.648427
0.554000	0.645379
0.555000	0.642243
0.556000	0.639019
0.557000	0.635709
0.558000	0.632312
0.559000	0.628830
0.560000	0.625263
0.561000	0.621611
0.562000	0.617875
0.563000	0.614057
0.564000	0.610156
0.565000	0.606173
0.566000	0.602109
0.567000	0.597965
0.568000	0.593741
0.569000	0.589438
0.570000	0.585057
0.571000	0.580599
0.572000	0.576063
0.573000	0.571452
0.574000	0.566765
0.575000	0.562004
0.576000	0.557169
0.577000	0.552261
0.578000	0.547281
0.579000	0.542230
0.580000	0.537108
0.581000	0.531917
0.582000	0.526656
0.583000	0.521328
0.584000	0.515933
0.585000	0.510471
0.586000	0.504945
0.587000	0.499353
0.588000	0.493698
0.589000	0.487980
0.590000	0.482201
0.591000	0.476360
0.592000	0.470460
0.593000	0.464500
0.594000	0.458483
0.595000	0.452408
0.596000	0.446277
0.597000	0.440090
0.598000	0.433850
0.599000	0.427556
0.600000	0.421209
0.601000	0.414811
0.602000	0.408363
0.603000	0.401865
0.604000	0.395319
0.605000	0.388726
0.606000	0.382086
0.607000	0.375400
0.608000	0.368670
0.609000	0.361897
0.610000	0.355082
0.611000	0.348225
0.612000	0.341328
0.613000	0.334391
0.614000	0.327416
0.615000	0.320405
0.616000	0.313357
0.617000	0.306274
0.618000	0.299157
0.619000	0.292007
0.620000	0.284826
0.621000	0.277613
0.622000	0.270371
0.623000	0.263100
0.624000	0.255802
0.625000	0.248477
0.626000	0.241127
0.627000	0.233752
0.628000	0.226355
0.629000	0.218935
0.630000	0.211494
0.631000	0.204033
0.632000	0.196553
0.633000	0.189056
0.634000	0.181542
0.635000	0.174012
0.636000	0.166468
0.637000	0.158910
0.638000	0.151340
0.639000	0.143759
0.640000	0.136168
0.641000	0.128568
0.642000	0.120960
0.643000	0.113346
0.644000	0.105725
0.645000	0.098100
0.646000	0.090471
0.647000	0.082841
0.648000	0.075208
0.649000	0.067576
0.650000	0.059944
0.651000	0.052314
0.652000	0.044688
0.653000	0.037065
0.654000	0.029448
0.655000	0.021837
0.656000	0.014234
0.657000	0.006638
0.658000	-0.000947
0.659000	-0.008522
0.660000	-0.016086
0.661000	-0.023636
0.662000	-0.031173
0.663000	-0.038695
0.664000	-0.046201
0.665000	-0.053691
0.666000	-0.061162
0.667000	-0.068614
0.668000	-0.076046
0.669000	-0.083457
0.670000	-0.090846
0.671000	-0.098212
0.672000	-0.105553
0.673000	-0.112869
0.674000	-0.120159
0.675000	-0.127422
0.676000	-0.134657
0.677000	-0.141862
0.678000	-0.149038
0.679000	-0.156182
0.680000	-0.163294
0.681000	-0.170373
0.682000	-0.177417
0.683000	-0.184427
0.684000	-0.191401
0.685000	-0.198337
0.686000	-0.205236
0.687000	-0.212096
0.688000	-0.218917
0.689000	-0.225696
0.690000	-0.232434
0.691000	-0.239130
0.692000	-0.245782
0.693000	-0.252390
0.694000	-0.258952
0.695000	-0.265469
0.696000	-0.271939
0.697000	-0.278361
0.698000	-0.284734
0.699000	-0.291058
0.700000	-0.297332
0.701000	-0.303555
0.702000	-0.309725
0.703000	-0.315843
0.704000	-0.321907
0.705000	-0.327917
0.706000	-0.333872
0.707000	-0.339771
0.708000	-0.345614
0.709000	-0.351399
0.710000	-0.357125
0.711000	-0.362793
0.712000	-0.368401
0.713000	-0.373949
0.714000	-0.379436
0.715000	-0.384861
0.716000	-0.390224
0.717000	-0.395523
0.718000	-0.400759
0.719000	-0.405930
0.720000	-0.411036
0.721000	-0.416077
0.722000	-0.421051
0.723000	-0.425958
0.724000	-0.430797
0.725000	-0.435568
0.726000	-0.440271
0.727000	-0.444904
0.728000	-0.449467
0.729000	-0.453959
0.730000	-0.458381
0.731000	-0.462731
0.732000	-0.467009
0.733000	-0.471214
0.734000	-0.475347
0.735000	-0.479405
0.736000	-0.483390
0.737000	-0.487300
0.738000	-0.491135
0.739000	-0.494895
0.740000	-0.498579
0.741000	-0.502186
0.742000	-0.505717
0.743000	-0.509170
0.744000	-0.512547
0.745000	-0.515845
0.746000	-0.519065
0.747000	-0.522207
0.748000	-0.525269
0.749000	-0.528253
0.750000	-0.531157
0.751000	-0.533981
0.752000	-0.536724
0.753000	-0.539388
0.754000	-0.541970
0.755000	-0.544472
0.756000	-0.546893
0.757000	-0.549232
0.758000	-0.551489
0.759000	-0.553664
0.760000	-0.555758
0.761000	-0.557769
0.762000	-0.559698
0.763000	-0.561544
0.764000	-0.563307
0.765000	-0.564988
0.766000	-0.566585
0.767000	-0.568099
0.768000	-0.569531
0.769000	-0.570878
0.770000	-0.572143
0.771000	-0.573324
0.772000	-0.574421
0.773000	-0.575435
0.774000	-0.576365
0.775000	-0.577212
0.776000	-0.577975
0.777000	-0.578655
0.778000	-0.579250
0.779000	-0.579763
0.780000	-0.580192
0.781000	-0.580537
0.782000	-0.580799
0.783000	-0.580978
0.784000	-0.581073
0.785000	-0.581085
0.786000	-0.581015
0.787000	-0.580861
0.788000	-0.580625
0.789000	-0.580306
0.790000	-0.579904
0.791000	-0.579421
0.792000	-0.578855
0.793000	-0.578207
0.794000	-0.577478
0.795000	-0.576667
0.796000	-0.575775
0.797000	-0.574802
0.798000	-0.573748
0.799000	-0.572614
0.800000	-0.571399
0.801000	-0.570105
0.802000	-0.568731
0.803000	-0.567277
0.804000	-0.565745
0.805000	-0.564134
0.806000	-0.562444
0.807000	-0.560677
0.808000	-0.558832
0.809000	-0.556909
0.810000	-0.554910
0.811000	-0.552834
0.812000	-0.550682
0.813000	-0.548454
0.814000	-0.546152
0.815000	-0.543774
0.816000	-0.541322
0.817000	-0.538796
0.818000	-0.536196
0.819000	-0.533524
0.820000	-0.530779
0.821000	-0.527962
0.822000	-0.525073
0.823000	-0.522114
0.824000	-0.519084
0.825000	-0.515984
0.826000	-0.512814
0.827000	-0.509576
0.828000	-0.506269
0.829000	-0.502895
0.830000	-0.499453
0.831000	-0.495945
0.832000	-0.492371
0.833000	-0.488731
0.834000	-0.485027
0.835000	-0.481259
0.836000	-0.477427
0.837000	-0.473532
0.838000	-0.469574
0.839000	-0.465556
0.840000	-0.461476
0.841000	-0.457336
0.842000	-0.453136
0.843000	-0.448877
0.844000	-0.444561
0.845000	-0.440186
0.846000	-0.435755
0.847000	-0.431268
0.848000	-0.426725
0.849000	-0.422127
0.850000	-0.417476
0.851000	-0.412771
0.852000	-0.408014
0.853000	-0.403205
0.854000	-0.398346
0.855000	-0.393436
0.856000	-0.388476
0.857000	-0.383468
0.858000	-0.378412
0.859000	-0.373309
0.860000	-0.368160
0.861000	-0.362965
0.862000	-0.357726
0.863000	-0.352443
0.864000	-0.347116
0.865000	-0.341748
0.866000	-0.336338
0.867000	-0.330887
0.868000	-0.325397
0.869000	-0.319867
0.870000	-0.314300
0.871000	-0.308696
0.872000	-0.303055
0.873000	-0.297378
0.874000	-0.291667
0.875000	-0.285922
0.876000	-0.280145
0.877000	-0.274335
0.878000	-0.268494
0.879000	-0.262623
0.880000	-0.256722
0.881000	-0.250793
0.882000	-0.244836
0.883000	-0.238852
0.884000	-0.232843
0.885000	-0.226808
0.886000	-0.220750
0.887000	-0.214668
0.888000	-0.208564
0.889000	-0.202439
0.890000	-0.196293
0.891000	-0.190128
0.892000	-0.183944
0.893000	-0.177742
0.894000	-0.171523
0.895000	-0.165289
0.896000	-0.159039
0.897000	-0.152775
0.898000	-0.146498
0.899000	-0.140209
0.900000	-0.133909
0.901000	-0.127598
0.902000	-0.121277
0.903000	-0.114948
0.904000	-0.108612
0.905000	-0.102268
0.906000	-0.095919
0.907000	-0.089564
0.908000	-0.083206
0.909000	-0.076845
0.910000	-0.070481
0.911000	-0.064116
0.912000	-0.057750
0.913000	-0.051386
0.914000	-0.045022
0.915000	-0.038661
0.916000	-0.032303
0.917000	-0.025950
0.918000	-0.019601
0.919000	-0.013258
0.920000	-0.006922
0.921000	-0.000594
0.922000	0.005725
0.923000	0.012035
0.924000	0.018334
0.925000	0.024623
0.926000	0.030899
0.927000	0.037162
0.928000	0.043411
0.929000	0.049645
0.930000	0.055863
0.931000	0.062065
0.932000	0.068250
0.933000	0.074416
0.934000	0.080563
0.935000	0.086690
0.936000	0.092797
0.937000	0.098881
0.938000	0.104943
0.939000	0.110982
0.940000	0.116997
0.941000	0.122986
0.942000	0.128950
0.943000	0.134887
0.944000	0.140797
0.945000	0.146679
0.946000	0.152531
0.947000	0.158354
0.948000	0.164145
0.949000	0.169906
0.950000	0.175634
0.951000	0.181330
0.952000	0.186991
0.953000	0.192618
0.954000	0.198210
0.955000	0.203766
0.956000	0.209285
0.957000	0.214766
0.958000	0.220209
0.959000	0.225614
0.960000	0.230978
0.961000	0.236302
0.962000	0.241586
0.963000	0.246827
0.964000	0.252026
0.965000	0.257182
0.966000	0.262293
0.967000	0.267361
0.968000	0.272383
0.969000	0.277359
0.970000	0.282289
0.971000	0.287172
0.972000	0.292007
0.973000	0.296794
0.974000	0.301531
0.975000	0.306219
0.976000	0.310857
0.977000	0.315444
0.978000	0.319980
0.979000	0.324464
0.980000	0.328895
0.981000	0.333273
0.982000	0.337598
0.983000	0.341868
0.984000	0.346084
0.985000	0.350244
0.986000	0.354349
0.987000	0.358397
0.988000	0.362389
0.989000	0.366323
0.990000	0.370200
0.991000	0.374018
0.992000	0.377778
0.993000	0.381478
0.994000	0.385119
0.995000	0.388700
0.996000	0.392221
0.997000	0.395680
0.998000	0.399078
0.999000	0.402415
1.000000	0.405690
1.001000	0.408902
1.002000	0.412051
1.003000	0.415137
1.004000	0.418160
1.005000	0.421118
1.006000	0.424013
1.007000	0.426843
1.008000	0.429608
1.009000	0.432307
1.010000	0.434942
1.011000	0.437510
1.012000	0.440013
1.013000	0.442449
1.014000	0.444819
1.015000	0.447122
1.016000	0.449358
1.017000	0.451527
1.018000	0.453628
1.019000	0.455661
1.020000	0.457627
1.021000	0.459524
1.022000	0.461354
1.023000	0.463114
1.024000	0.464807
1.025000	0.466430
1.026000	0.467985
1.027000	0.469471
1.028000	0.470887
1.029000	0.472235
1.030000	0.473513
1.031000	0.474722
1.032000	0.475861
1.033000	0.476931
1.034000	0.477931
1.035000	0.478861
1.036000	0.479722
1.037000	0.480513
1.038000	0.481234
1.039000	0.481886
1.040000	0.482468
1.041000	0.482980
1.042000	0.483423
1.043000	0.483796
1.044000	0.484099
1.045000	0.484333
1.046000	0.484497
1.047000	0.484592
1.048000	0.484617
1.049000	0.484573
1.050000	0.484460
1.051000	0.484278
1.052000	0.484027
1.053000	0.483708
1.054000	0.483319
1.055000	0.482862
1.056000	0.482337
1.057000	0.481744
1.058000	0.481083
1.059000	0.480353
1.060000	0.479557
1.061000	0.478693
1.062000	0.477761
1.063000	0.476763
1.064000	0.475698
1.065000	0.474567
1.066000	0.473369
1.067000	0.472105
1.068000	0.470776
1.069000	0.469381
1.070000	0.467921
1.071000	0.466397
1.072000	0.464807
1.073000	0.463154
1.074000	0.461437
1.075000	0.459656
1.076000	0.457812
1.077000	0.455905
1.078000	0.453936
1.079000	0.451904
1.080000	0.449811
1.081000	0.447657
1.082000	0.445441
1.083000	0.443165
1.084000	0.440829
1.085000	0.438433
1.086000	0.435978
1.087000	0.433464
1.088000	0.430891
1.089000	0.428260
1.090000	0.425572
1.091000	0.422827
1.092000	0.420025
1.093000	0.417167
1.094000	0.414253
1.095000	0.411285
1.096000	0.408261
1.097000	0.405184
1.098000	0.402053
1.099000	0.398868
1.100000	0.395631
1.101000	0.392343
1.102000	0.389002
1.103000	0.385611
1.104000	0.382169
1.105000	0.378677
1.106000	0.375136
1.107000	0.371547
1.108000	0.367909
1.109000	0.364224
1.110000	0.360492
1.111000	0.356713
1.112000	0.352889
1.113000	0.349020
1.114000	0.345106
1.115000	0.341148
1.116000	0.337147
1.117000	0.333103
1.118000	0.329017
1.119000	0.324890
1.120000	0.320723
1.121000	0.316515
1.122000	0.312268
1.123000	0.307982
1.124000	0.303657
1.125000	0.299296
1.126000	0.294898
1.127000	0.290463
1.128000	0.285994
1.129000	0.281489
1.130000	0.276951
1.131000	0.272380
1.132000	0.267775
1.133000	0.263139
1.134000	0.258472
1.135000	0.253774
1.136000	0.249046
1.137000	0.244290
1.138000	0.239505
1.139000	0.234692
1.140000	0.229853
1.141000	0.224987
1.142000	0.220096
1.143000	0.215180
1.144000	0.210241
1.145000	0.205278
1.146000	0.200292
1.147000	0.195285
1.148000	0.190257
1.149000	0.185209
1.150000	0.180141
1.151000	0.175054
1.152000	0.169950
1.153000	0.164828
1.154000	0.159690
1.155000	0.154536
1.156000	0.149367
1.157000	0.144183
1.158000	0.138987
1.159000	0.133777
1.160000	0.128556
1.161000	0.123324
1.162000	0.118081
1.163000	0.112828
1.164000	0.107567
1.165000	0.102298
1.166000	0.097021
1.167000	0.091737
1.168000	0.086448
1.169000	0.081154
1.170000	0.075855
1.171000	0.070553
1.172000	0.065249
1.173000	0.059942
1.174000	0.054634
1.175000	0.049325
1.176000	0.044017
1.177000	0.038709
1.178000	0.033404
1.179000	0.028101
1.180000	0.022801
1.181000	0.017506
1.182000	0.012215
1.183000	0.006930
1.184000	0.001651
1.185000	-0.003621
1.186000	-0.008885
1.187000	-0.014141
1.188000	-0.019387
1.189000	-0.024624
1.190000	-0.029849
1.191000	-0.035064
1.192000	-0.040265
1.193000	-0.045455
1.194000	-0.050630
1.195000	-0.055791
1.196000	-0.060937
1.197000	-0.066067
1.198000	-0.071181
1.199000	-0.076277
1.200000	-0.081356
1.201000	-0.086415
1.202000	-0.091456
1.203000	-0.096477
1.204000	-0.101476
1.205000	-0.106455
1.206000	-0.111411
1.207000	-0.116345
1.208000	-0.121255
1.209000	-0.126141
1.210000	-0.131003
1.211000	-0.135839
1.212000	-0.140649
1.213000	-0.145432
1.214000	-0.150188
1.215000	-0.154915
1.216000	-0.159615
1.217000	-0.164284
1.218000	-0.168924
1.219000	-0.173534
1.220000	-0.178112
1.221000	-0.182659
1.222000	-0.187173
1.223000	-0.191654
1.224000	-0.196102
1.225000	-0.200516
1.226000	-0.204895
1.227000	-0.209238
1.228000	-0.213546
1.229000	-0.217817
1.230000	-0.222051
1.231000	-0.226248
1.232000	-0.230407
1.233000	-0.234527
1.234000	-0.238607
1.235000	-0.242649
1.236000	-0.246649
1.237000	-0.250609
1.238000	-0.254528
1.239000	-0.258405
1.240000	-0.262240
1.241000	-0.266032
1.242000	-0.269781
1.243000	-0.273487
1.244000	-0.277148
1.245000	-0.280764
1.246000	-0.284335
1.247000	-0.287861
1.248000	-0.291341
1.249000	-0.294774
1.250000	-0.298161
1.251000	-0.301500
1.252000	-0.304792
1.253000	-0.308035
1.254000	-0.311230
1.255000	-0.314377
1.256000	-0.317474
1.257000	-0.320521
1.258000	-0.323518
1.259000	-0.326465
1.260000	-0.329362
1.261000	-0.332207
1.262000	-0.335001
1.263000	-0.337743
1.264000	-0.340434
1.265000	-0.343072
1.266000	-0.345657
1.267000	-0.348189
1.268000	-0.350668
1.269000	-0.353094
1.270000	-0.355466
1.271000	-0.357784
1.272000	-0.360047
1.273000	-0.362256
1.274000	-0.364410
1.275000	-0.366510
1.276000	-0.368554
1.277000	-0.370542
1.278000	-0.372475
1.279000	-0.374352
1.280000	-0.376173
1.281000	-0.377937
1.282000	-0.379646
1.283000	-0.381297
1.284000	-0.382892
1.285000	-0.384430
1.286000	-0.385911
1.287000	-0.387335
1.288000	-0.388702
1.289000	-0.390011
1.290000	-0.391263
1.291000	-0.392457
1.292000	-0.393593
1.293000	-0.394672
1.294000	-0.395692
1.295000	-0.396655
1.296000	-0.397560
1.297000	-0.398407
1.298000	-0.399196
1.299000	-0.399926
1.300000	-0.400599
1.301000	-0.401213
1.302000	-0.401769
1.303000	-0.402267
1.304000	-0.402707
1.305000	-0.403089
1.306000	-0.403413
1.307000	-0.403678
1.308000	-0.403886
1.309000	-0.404035
1.310000	-0.404127
1.311000	-0.404161
1.312000	-0.404137
1.313000	-0.404056
1.314000	-0.403916
1.315000	-0.403720
1.316000	-0.403466
1.317000	-0.403154
1.318000	-0.402786
1.319000	-0.402360
1.320000	-0.401878
1.321000	-0.401339
1.322000	-0.400743
1.323000	-0.400091
1.324000	-0.399382
1.325000	-0.398618
1.326000	-0.397798
1.327000	-0.396922
1.328000	-0.395990
1.329000	-0.395003
1.330000	-0.393962
1.331000	-0.392865
1.332000	-0.391714
1.333000	-0.390508
1.334000	-0.389248
1.335000	-0.387935
1.336000	-0.386568
1.337000	-0.385147
1.338000	-0.383673
1.339000	-0.382147
1.340000	-0.380568
1.341000	-0.378937
1.342000	-0.377255
1.343000	-0.375520
1.344000	-0.373734
1.345000	-0.371898
1.346000	-0.370011
1.347000	-0.368073
1.348000	-0.366086
1.349000	-0.364049
1.350000	-0.361963
1.351000	-0.359828
1.352000	-0.357645
1.353000	-0.355413
1.354000	-0.353134
1.355000	-0.350808
1.356000	-0.348435
1.357000	-0.346015
1.358000	-0.343549
1.359000	-0.341038
1.360000	-0.338481
1.361000	-0.335879
1.362000	-0.333233
1.363000	-0.330543
1.364000	-0.327810
1.365000	-0.325033
1.366000	-0.322214
1.367000	-0.319353
1.368000	-0.316450
1.369000	-0.313506
1.370000	-0.310521
1.371000	-0.307496
1.372000	-0.304432
1.373000	-0.301328
1.374000	-0.298185
1.375000	-0.295004
1.376000	-0.291785
1.377000	-0.288529
1.378000	-0.285236
1.379000	-0.281907
1.380000	-0.278543
1.381000	-0.275143
1.382000	-0.271708
1.383000	-0.268240
1.384000	-0.264738
1.385000	-0.261203
1.386000	-0.257636
1.387000	-0.254036
1.388000	-0.250406
1.389000	-0.246744
1.390000	-0.243053
1.391000	-0.239332
1.392000	-0.235581
1.393000	-0.231803
1.394000	-0.227996
1.395000	-0.224162
1.396000	-0.220302
1.397000	-0.216415
1.398000	-0.212502
1.399000	-0.208565
1.400000	-0.204603
1.401000	-0.200618
1.402000	-0.196609
1.403000	-0.192578
1.404000	-0.188525
1.405000	-0.184451
1.406000	-0.180355
1.407000	-0.176240
1.408000	-0.172105
1.409000	-0.167952
1.410000	-0.163780
1.411000	-0.159590
1.412000	-0.155384
1.413000	-0.151161
1.414000	-0.146922
1.415000	-0.142668
1.416000	-0.138400
1.417000	-0.134117
1.418000	-0.129822
1.419000	-0.125514
1.420000	-0.121193
1.421000	-0.116862
1.422000	-0.112520
1.423000	-0.108167
1.424000	-0.103806
1.425000	-0.099435
1.426000	-0.095056
1.427000	-0.090670
1.428000	-0.086277
1.429000	-0.081877
1.430000	-0.077472
1.431000	-0.073062
1.432000	-0.068648
1.433000	-0.064230
1.434000	-0.059808
1.435000	-0.055385
1.436000	-0.050959
1.437000	-0.046533
1.438000	-0.042105
1.439000	-0.037678
1.440000	-0.033252
1.441000	-0.028827
1.442000	-0.024404
1.443000	-0.019983
1.444000	-0.015566
1.445000	-0.011153
1.446000	-0.006744
1.447000	-0.002340
1.448000	0.002058
1.449000	0.006450
1.450000	0.010834
1.451000	0.015211
1.452000	0.019580
1.453000	0.023940
1.454000	0.028291
1.455000	0.032632
1.456000	0.036962
1.457000	0.041280
1.458000	0.045587
1.459000	0.049882
1.460000	0.054163
1.461000	0.058431
1.462000	0.062684
1.463000	0.066923
1.464000	0.071146
1.465000	0.075353
1.466000	0.079544
1.467000	0.083718
1.468000	0.087874
1.469000	0.092011
1.470000	0.096130
1.471000	0.100229
1.472000	0.104309
1.473000	0.108368
1.474000	0.112405
1.475000	0.116422
1.476000	0.120416
1.477000	0.124387
1.478000	0.128335
1.479000	0.132259
1.480000	0.136159
1.481000	0.140034
1.482000	0.143884
1.483000	0.147708
1.484000	0.151506
1.485000	0.155277
1.486000	0.159020
1.487000	0.162735
1.488000	0.166423
1.489000	0.170081
1.490000	0.173710
1.491000	0.177309
1.492000	0.180878
1.493000	0.184416
1.494000	0.187923
1.495000	0.191398
1.496000	0.194841
1.497000	0.198251
1.498000	0.201629
1.499000	0.204973
1.500000	0.208283
1.501000	0.211559
1.502000	0.214800
1.503000	0.218006
1.504000	0.221176
1.505000	0.224311
1.506000	0.227409
1.507000	0.230470
1.508000	0.233494
1.509000	0.236481
1.510000	0.239430
1.511000	0.242340
1.512000	0.245212
1.513000	0.248045
1.514000	0.250839
1.515000	0.253592
1.516000	0.256306
1.517000	0.258980
1.518000	0.261613
1.519000	0.264205
1.520000	0.266755
1.521000	0.269264
1.522000	0.271731
1.523000	0.274156
1.524000	0.276538
1.525000	0.278878
1.526000	0.281174
1.527000	0.283427
1.528000	0.285637
1.529000	0.287803
1.530000	0.289924
1.531000	0.292001
1.532000	0.294034
1.533000	0.296022
1.534000	0.297965
1.535000	0.299863
1.536000	0.301715
1.537000	0.303522
1.538000	0.305282
1.539000	0.306997
1.540000	0.308665
1.541000	0.310288
1.542000	0.311863
1.543000	0.313392
1.544000	0.314874
1.545000	0.316309
1.546000	0.317697
1.547000	0.319037
1.548000	0.320330
1.549000	0.321576
1.550000	0.322774
1.551000	0.323924
1.552000	0.325026
1.553000	0.326081
1.554000	0.327087
1.555000	0.328045
1.556000	0.328955
1.557000	0.329817
1.558000	0.330631
1.559000	0.331396
1.560000	0.332113
1.561000	0.332781
1.562000	0.333401
1.563000	0.333972
1.564000	0.334495
1.565000	0.334970
1.566000	0.335396
1.567000	0.335773
1.568000	0.336102
1.569000	0.336383
1.570000	0.336615
1.571000	0.336799
1.572000	0.336934
1.573000	0.337021
1.574000	0.337060
1.575000	0.337051
1.576000	0.336993
1.577000	0.336888
1.578000	0.336734
1.579000	0.336533
1.580000	0.336283
1.581000	0.335986
1.582000	0.335642
1.583000	0.335250
1.584000	0.334811
1.585000	0.334324
1.586000	0.333791
1.587000	0.333210
1.588000	0.332583
1.589000	0.331909
1.590000	0.331189
1.591000	0.330422
1.592000	0.329609
1.593000	0.328750
1.594000	0.327846
1.595000	0.326895
1.596000	0.325900
1.597000	0.324859
1.598000	0.323773
1.599000	0.322643
1.600000	0.321468
1.601000	0.320249
1.602000	0.318985
1.603000	0.317678
1.604000	0.316328
1.605000	0.314934
1.606000	0.313496
1.607000	0.312017
1.608000	0.310494
1.609000	0.308930
1.610000	0.307323
1.611000	0.305675
1.612000	0.303985
1.613000	0.302254
1.614000	0.300483
1.615000	0.298671
1.616000	0.296818
1.617000	0.294926
1.618000	0.292995
1.619000	0.291024
1.620000	0.289015
1.621000	0.286967
1.622000	0.284880
1.623000	0.282756
1.624000	0.280595
1.625000	0.278396
1.626000	0.276161
1.627000	0.273889
1.628000	0.271581
1.629000	0.269238
1.630000	0.266859
1.631000	0.264446
1.632000	0.261998
1.633000	0.259516
1.634000	0.257001
1.635000	0.254452
1.636000	0.251871
1.637000	0.249257
1.638000	0.246611
1.639000	0.243933
1.640000	0.241224
1.641000	0.238485
1.642000	0.235715
1.643000	0.232916
1.644000	0.230087
1.645000	0.227229
1.646000	0.224342
1.647000	0.221428
1.648000	0.218486
1.649000	0.215517
1.650000	0.212521
1.651000	0.209498
1.652000	0.206451
1.653000	0.203377
1.654000	0.200279
1.655000	0.197157
1.656000	0.194011
1.657000	0.190841
1.658000	0.187649
1.659000	0.184434
1.660000	0.181197
1.661000	0.177939
1.662000	0.174660
1.663000	0.171360
1.664000	0.168041
1.665000	0.164702
1.666000	0.161344
1.667000	0.157968
1.668000	0.154574
1.669000	0.151162
1.670000	0.147734
1.671000	0.144289
1.672000	0.140828
1.673000	0.137352
1.674000	0.133861
1.675000	0.130356
1.676000	0.126837
1.677000	0.123305
1.678000	0.119760
1.679000	0.116203
1.680000	0.112634
1.681000	0.109054
1.682000	0.105463
1.683000	0.101863
1.684000	0.098252
1.685000	0.094633
1.686000	0.091005
1.687000	0.087369
1.688000	0.083726
1.689000	0.080075
1.690000	0.076418
1.691000	0.072756
1.692000	0.069088
1.693000	0.065415
1.694000	0.061738
1.695000	0.058057
1.696000	0.054373
1.697000	0.050687
1.698000	0.046998
1.699000	0.043307
1.700000	0.039616
1.701000	0.035923
1.702000	0.032231
1.703000	0.028540
1.704000	0.024849
1.705000	0.021160
1.706000	0.017473
1.707000	0.013788
1.708000	0.010107
1.709000	0.006429
1.710000	0.002755
1.711000	-0.000914
1.712000	-0.004577
1.713000	-0.008236
1.714000	-0.011887
1.715000	-0.015532
1.716000	-0.019170
1.717000	-0.022800
1.718000	-0.026422
1.719000	-0.030035
1.720000	-0.033639
1.721000	-0.037233
1.722000	-0.040817
1.723000	-0.044390
1.724000	-0.047952
1.725000	-0.051502
1.726000	-0.055039
1.727000	-0.058564
1.728000	-0.062076
1.729000	-0.065574
1.730000	-0.069058
1.731000	-0.072527
1.732000	-0.075981
1.733000	-0.079420
1.734000	-0.082842
1.735000	-0.086248
1.736000	-0.089637
1.737000	-0.093008
1.738000	-0.096362
1.739000	-0.099697
1.740000	-0.103013
1.741000	-0.106310
1.742000	-0.109587
1.743000	-0.112844
1.744000	-0.116080
1.745000	-0.119295
1.746000	-0.122489
1.747000	-0.125661
1.748000	-0.128811
1.749000	-0.131938
1.750000	-0.135042
1.751000	-0.138122
1.752000	-0.141178
1.753000	-0.144210
1.754000	-0.147217
1.755000	-0.150199
1.756000	-0.153155
1.757000	-0.156086
1.758000	-0.158990
1.759000	-0.161867
1.760000	-0.164717
1.761000	-0.167540
1.762000	-0.170335
1.763000	-0.173102
1.764000	-0.175840
1.765000	-0.178549
1.766000	-0.181230
1.767000	-0.183880
1.768000	-0.186501
1.769000	-0.189091
1.770000	-0.191651
1.771000	-0.194180
1.772000	-0.196678
1.773000	-0.199144
1.774000	-0.201578
1.775000	-0.203980
1.776000	-0.206350
1.777000	-0.208687
1.778000	-0.210991
1.779000	-0.213262
1.780000	-0.215499
1.781000	-0.217702
1.782000	-0.219871
1.783000	-0.222006
1.784000	-0.224106
1.785000	-0.226171
1.786000	-0.228201
1.787000	-0.230195
1.788000	-0.232154
1.789000	-0.234077
1.790000	-0.235964
1.791000	-0.237815
1.792000	-0.239629
1.793000	-0.241407
1.794000	-0.243147
1.795000	-0.244851
1.796000	-0.246517
1.797000	-0.248145
1.798000	-0.249736
1.799000	-0.251289
1.800000	-0.252804
1.801000	-0.254281
1.802000	-0.255719
1.803000	-0.257119
1.804000	-0.258481
1.805000	-0.259803
1.806000	-0.261087
1.807000	-0.262331
1.808000	-0.263537
1.809000	-0.264703
1.810000	-0.265829
1.811000	-0.266916
1.812000	-0.267964
1.813000	-0.268971
1.814000	-0.269939
1.815000	-0.270867
1.816000	-0.271756
1.817000	-0.272604
1.818000	-0.273412
1.819000	-0.274179
1.820000	-0.274907
1.821000	-0.275594
1.822000	-0.276241
1.823000	-0.276848
1.824000	-0.277414
1.825000	-0.277940
1.826000	-0.278425
1.827000	-0.278870
1.828000	-0.279275
1.829000	-0.279639
1.830000	-0.279963
1.831000	-0.280246
1.832000	-0.280489
1.833000	-0.280691
1.834000	-0.280853
1.835000	-0.280975
1.836000	-0.281056
1.837000	-0.281098
1.838000	-0.281099
1.839000	-0.281059
1.840000	-0.280980
1.841000	-0.280861
1.842000	-0.280702
1.843000	-0.280502
1.844000	-0.280264
1.845000	-0.279985
1.846000	-0.279667
1.847000	-0.279309
1.848000	-0.278912
1.849000	-0.278475
1.850000	-0.278000
1.851000	-0.277485
1.852000	-0.276932
1.853000	-0.276339
1.854000	-0.275708
1.855000	-0.275039
1.856000	-0.274331
1.857000	-0.273585
1.858000	-0.272801
1.859000	-0.271979
1.860000	-0.271119
1.861000	-0.270222
1.862000	-0.269287
1.863000	-0.268315
1.864000	-0.267307
1.865000	-0.266261
1.866000	-0.265179
1.867000	-0.264061
1.868000	-0.262906
1.869000	-0.261715
1.870000	-0.260489
1.871000	-0.259227
1.872000	-0.257930
1.873000	-0.256597
1.874000	-0.255230
1.875000	-0.253829
1.876000	-0.252393
1.877000	-0.250923
1.878000	-0.249419
1.879000	-0.247882
1.880000	-0.246311
1.881000	-0.244707
1.882000	-0.243071
1.883000	-0.241402
1.884000	-0.239701
1.885000	-0.237968
1.886000	-0.236203
1.887000	-0.234408
1.888000	-0.232581
1.889000	-0.230723
1.890000	-0.228835
1.891000	-0.226917
1.892000	-0.224969
1.893000	-0.222992
1.894000	-0.220986
1.895000	-0.218951
1.896000	-0.216887
1.897000	-0.214795
1.898000	-0.212676
1.899000	-0.210529
1.900000	-0.208355
1.901000	-0.206154
1.902000	-0.203926
1.903000	-0.201673
1.904000	-0.199394
1.905000	-0.197090
1.906000	-0.194760
1.907000	-0.192406
1.908000	-0.190028
1.909000	-0.187626
1.910000	-0.185201
1.911000	-0.182752
1.912000	-0.180281
1.913000	-0.177787
1.914000	-0.175271
1.915000	-0.172734
1.916000	-0.170176
1.917000	-0.167596
1.918000	-0.164997
1.919000	-0.162377
1.920000	-0.159738
1.921000	-0.157080
1.922000	-0.154403
1.923000	-0.151707
1.924000	-0.148994
1.925000	-0.146263
1.926000	-0.143515
1.927000	-0.140750
1.928000	-0.137969
1.929000	-0.135172
1.930000	-0.132360
1.931000	-0.129532
1.932000	-0.126690
1.933000	-0.123834
1.934000	-0.120964
1.935000	-0.118081
1.936000	-0.115185
1.937000	-0.112276
1.938000	-0.109355
1.939000	-0.106423
1.940000	-0.103480
1.941000	-0.100526
1.942000	-0.097561
1.943000	-0.094587
1.944000	-0.091603
1.945000	-0.088611
1.946000	-0.085610
1.947000	-0.082600
1.948000	-0.079583
1.949000	-0.076559
1.950000	-0.073528
1.951000	-0.070491
1.952000	-0.067448
1.953000	-0.064400
1.954000	-0.061346
1.955000	-0.058288
1.956000	-0.055226
1.957000	-0.052160
1.958000	-0.049091
1.959000	-0.046019
1.960000	-0.042945
1.961000	-0.039869
1.962000	-0.036791
1.963000	-0.033713
1.964000	-0.030634
1.965000	-0.027554
1.966000	-0.024475
1.967000	-0.021397
1.968000	-0.018320
1.969000	-0.015245
1.970000	-0.012172
1.971000	-0.009101
1.972000	-0.006033
1.973000	-0.002968
1.974000	0.000092
1.975000	0.003149
1.976000	0.006201
1.977000	0.009247
1.978000	0.012289
1.979000	0.015324
1.980000	0.018353
1.981000	0.021375
1.982000	0.024390
1.983000	0.027397
1.984000	0.030396
1.985000	0.033387
1.986000	0.036369
1.987000	0.039341
1.988000	0.042304
1.989000	0.045257
1.990000	0.048199
1.991000	0.051130
1.992000	0.054050
1.993000	0.056958
1.994000	0.059854
1.995000	0.062737
1.996000	0.065608
1.997000	0.068465
1.998000	0.071308
1.999000	0.074138
2.000000	0.076953
2.001000	0.079753
2.002000	0.082537
2.003000	0.085306
2.004000	0.088059
2.005000	0.090796
2.006000	0.093516
2.007000	0.096219
2.008000	0.098904
2.009000	0.101572
2.010000	0.104221
2.011000	0.106852
2.012000	0.109464
2.013000	0.112057
2.014000	0.114630
2.015000	0.117183
2.016000	0.119716
2.017000	0.122229
2.018000	0.124720
2.019000	0.127190
2.020000	0.129639
2.021000	0.132066
2.022000	0.134470
2.023000	0.136852
2.024000	0.139212
2.025000	0.141548
2.026000	0.143860
2.027000	0.146149
2.028000	0.148414
2.029000	0.150655
2.030000	0.152870
2.031000	0.155062
2.032000	0.157227
2.033000	0.159368
2.034000	0.161483
2.035000	0.163571
2.036000	0.165634
2.037000	0.167670
2.038000	0.169679
2.039000	0.171661
2.040000	0.173616
2.041000	0.175544
2.042000	0.177444
2.043000	0.179315
2.044000	0.181159
2.045000	0.182974
2.046000	0.184761
2.047000	0.186519
2.048000	0.188247
2.049000	0.189947
2.050000	0.191617
2.051000	0.193257
2.052000	0.194867
2.053000	0.196447
2.054000	0.197998
2.055000	0.199517
2.056000	0.201006
2.057000	0.202465
2.058000	0.203892
2.059000	0.205288
2.060000	0.206653
2.061000	0.207987
2.062000	0.209289
2.063000	0.210560
2.064000	0.211798
2.065000	0.213005
2.066000	0.214179
2.067000	0.215322
2.068000	0.216432
2.069000	0.217509
2.070000	0.218554
2.071000	0.219567
2.072000	0.220546
2.073000	0.221493
2.074000	0.222407
2.075000	0.223288
2.076000	0.224136
2.077000	0.224950
2.078000	0.225731
2.079000	0.226479
2.080000	0.227194
2.081000	0.227875
2.082000	0.228523
2.083000	0.229137
2.084000	0.229717
2.085000	0.230264
2.086000	0.230778
2.087000	0.231257
2.088000	0.231703
2.089000	0.232115
2.090000	0.232494
2.091000	0.232839
2.092000	0.233150
2.093000	0.233427
2.094000	0.233671
2.095000	0.233881
2.096000	0.234057
2.097000	0.234199
2.098000	0.234308
2.099000	0.234383
2.100000	0.234425
2.101000	0.234433
2.102000	0.234408
2.103000	0.234349
2.104000	0.234257
2.105000	0.234131
2.106000	0.233973
2.107000	0.233781
2.108000	0.233555
2.109000	0.233297
2.110000	0.233006
2.111000	0.232682
2.112000	0.232325
2.113000	0.231936
2.114000	0.231514
2.115000	0.231059
2.116000	0.230572
2.117000	0.230053
2.118000	0.229502
2.119000	0.228918
2.120000	0.228303
2.121000	0.227656
2.122000	0.226978
2.123000	0.226268
2.124000	0.225526
2.125000	0.224753
2.126000	0.223950
2.127000	0.223115
2.128000	0.222250
2.129000	0.221354
2.130000	0.220428
2.131000	0.219472
2.132000	0.218485
2.133000	0.217469
2.134000	0.216423
2.135000	0.215347
2.136000	0.214243
2.137000	0.213109
2.138000	0.211946
2.139000	0.210755
2.140000	0.209535
2.141000	0.208287
2.142000	0.207011
2.143000	0.205708
2.144000	0.204376
2.145000	0.203017
2.146000	0.201631
2.147000	0.200219
2.148000	0.198779
2.149000	0.197313
2.150000	0.195821
2.151000	0.194303
2.152000	0.192760
2.153000	0.191191
2.154000	0.189597
2.155000	0.187978
2.156000	0.186334
2.157000	0.184666
2.158000	0.182974
2.159000	0.181258
2.160000	0.179519
2.161000	0.177756
2.162000	0.175971
2.163000	0.174162
2.164000	0.172332
2.165000	0.170479
2.166000	0.168605
2.167000	0.166709
2.168000	0.164791
2.169000	0.162853
2.170000	0.160895
2.171000	0.158916
2.172000	0.156917
2.173000	0.154898
2.174000	0.152860
2.175000	0.150803
2.176000	0.148728
2.177000	0.146634
2.178000	0.144521
2.179000	0.142392
2.180000	0.140244
2.181000	0.138080
2.182000	0.135899
2.183000	0.133702
2.184000	0.131488
2.185000	0.129259
2.186000	0.127014
2.187000	0.124755
2.188000	0.122480
2.189000	0.120191
2.190000	0.117889
2.191000	0.115572
2.192000	0.113243
2.193000	0.110900
2.194000	0.108545
2.195000	0.106177
2.196000	0.103798
2.197000	0.101407
2.198000	0.099004
2.199000	0.096591
2.200000	0.094168
2.201000	0.091734
2.202000	0.089291
2.203000	0.086838
2.204000	0.084376
2.205000	0.081906
2.206000	0.079427
2.207000	0.076941
2.208000	0.074447
2.209000	0.071945
2.210000	0.069437
2.211000	0.066922
2.212000	0.064402
2.213000	0.061875
2.214000	0.059343
2.215000	0.056806
2.216000	0.054265
2.217000	0.051719
2.218000	0.049170
2.219000	0.046617
2.220000	0.044060
2.221000	0.041501
2.222000	0.038940
2.223000	0.036377
2.224000	0.033812
2.225000	0.031245
2.226000	0.028678
2.227000	0.026110
2.228000	0.023542
2.229000	0.020974
2.230000	0.018407
2.231000	0.015840
2.232000	0.013275
2.233000	0.010712
2.234000	0.008150
2.235000	0.005591
2.236000	0.003035
2.237000	0.000482
2.238000	-0.002068
2.239000	-0.004614
2.240000	-0.007156
2.241000	-0.009694
2.242000	-0.012226
2.243000	-0.014753
2.244000	-0.017275
2.245000	-0.019791
2.246000	-0.022300
2.247000	-0.024803
2.248000	-0.027299
2.249000	-0.029787
2.250000	-0.032268
2.251000	-0.034740
2.252000	-0.037205
2.253000	-0.039660
2.254000	-0.042107
2.255000	-0.044544
2.256000	-0.046972
2.257000	-0.049389
2.258000	-0.051796
2.259000	-0.054192
2.260000	-0.056578
2.261000	-0.058952
2.262000	-0.061314
2.263000	-0.063664
2.264000	-0.066002
2.265000	-0.068327
2.266000	-0.070639
2.267000	-0.072938
2.268000	-0.075224
2.269000	-0.077495
2.270000	-0.079752
2.271000	-0.081995
2.272000	-0.084223
2.273000	-0.086436
2.274000	-0.088634
2.275000	-0.090815
2.276000	-0.092981
2.277000	-0.095131
2.278000	-0.097264
2.279000	-0.099380
2.280000	-0.101479
2.281000	-0.103561
2.282000	-0.105625
2.283000	-0.107671
2.284000	-0.109699
2.285000	-0.111708
2.286000	-0.113699
2.287000	-0.115670
2.288000	-0.117623
2.289000	-0.119556
2.290000	-0.121469
2.291000	-0.123362
2.292000	-0.125235
2.293000	-0.127088
2.294000	-0.128920
2.295000	-0.130731
2.296000	-0.132521
2.297000	-0.134289
2.298000	-0.136036
2.299000	-0.137761
2.300000	-0.139463
2.301000	-0.141144
2.302000	-0.142802
2.303000	-0.144437
2.304000	-0.146050
2.305000	-0.147639
2.306000	-0.149206
2.307000	-0.150748
2.308000	-0.152267
2.309000	-0.153763
2.310000	-0.155234
2.311000	-0.156681
2.312000	-0.158103
2.313000	-0.159501
2.314000	-0.160875
2.315000	-0.162223
2.316000	-0.163547
2.317000	-0.164845
2.318000	-0.166118
2.319000	-0.167365
2.320000	-0.168587
2.321000	-0.169783
2.322000	-0.170954
2.323000	-0.172098
2.324000	-0.173216
2.325000	-0.174307
2.326000	-0.175373
2.327000	-0.176412
2.328000	-0.177424
2.329000	-0.178409
2.330000	-0.179368
2.331000	-0.180299
2.332000	-0.181204
2.333000	-0.182081
2.334000	-0.182932
2.335000	-0.183755
2.336000	-0.184550
2.337000	-0.185318
2.338000	-0.186059
2.339000	-0.186772
2.340000	-0.187457
2.341000	-0.188115
2.342000	-0.188745
2.343000	-0.189347
2.344000	-0.189921
2.345000	-0.190467
2.346000	-0.190986
2.347000	-0.191476
2.348000	-0.191938
2.349000	-0.192372
2.350000	-0.192779
2.351000	-0.193157
2.352000	-0.193507
2.353000	-0.193828
2.354000	-0.194122
2.355000	-0.194388
2.356000	-0.194625
2.357000	-0.194834
2.358000	-0.195016
2.359000	-0.195169
2.360000	-0.195294
2.361000	-0.195391
2.362000	-0.195460
2.363000	-0.195501
2.364000	-0.195513
2.365000	-0.195498
2.366000	-0.195455
2.367000	-0.195385
2.368000	-0.195286
2.369000	-0.195160
2.370000	-0.195006
2.371000	-0.194824
2.372000	-0.194615
2.373000	-0.194378
2.374000	-0.194114
2.375000	-0.193822
2.376000	-0.193503
2.377000	-0.193157
2.378000	-0.192784
2.379000	-0.192384
2.380000	-0.191957
2.381000	-0.191503
2.382000	-0.191022
2.383000	-0.190515
2.384000	-0.189981
2.385000	-0.189421
2.386000	-0.188834
2.387000	-0.188222
2.388000	-0.187583
2.389000	-0.186919
2.390000	-0.186228
2.391000	-0.185512
2.392000	-0.184771
2.393000	-0.184004
2.394000	-0.183212
2.395000	-0.182394
2.396000	-0.181552
2.397000	-0.180685
2.398000	-0.179794
2.399000	-0.178878
2.400000	-0.177938
2.401000	-0.176973
2.402000	-0.175985
2.403000	-0.174973
2.404000	-0.173937
2.405000	-0.172878
2.406000	-0.171796
2.407000	-0.170691
2.408000	-0.169562
2.409000	-0.168411
2.410000	-0.167238
2.411000	-0.166043
2.412000	-0.164825
2.413000	-0.163585
2.414000	-0.162324
2.415000	-0.161041
2.416000	-0.159738
2.417000	-0.158413
2.418000	-0.157067
2.419000	-0.155701
2.420000	-0.154314
2.421000	-0.152907
2.422000	-0.151481
2.423000	-0.150034
2.424000	-0.148569
2.425000	-0.147084
2.426000	-0.145580
2.427000	-0.144057
2.428000	-0.142516
2.429000	-0.140957
2.430000	-0.139379
2.431000	-0.137784
2.432000	-0.136172
2.433000	-0.134542
2.434000	-0.132895
2.435000	-0.131232
2.436000	-0.129552
2.437000	-0.127856
2.438000	-0.126144
2.439000	-0.124416
2.440000	-0.122673
2.441000	-0.120915
2.442000	-0.119142
2.443000	-0.117354
2.444000	-0.115552
2.445000	-0.113736
2.446000	-0.111907
2.447000	-0.110064
2.448000	-0.108207
2.449000	-0.106338
2.450000	-0.104456
2.451000	-0.102562
2.452000	-0.100656
2.453000	-0.098738
2.454000	-0.096809
2.455000	-0.094868
2.456000	-0.092917
2.457000	-0.090955
2.458000	-0.088983
2.459000	-0.087000
2.460000	-0.085008
2.461000	-0.083007
2.462000	-0.080997
2.463000	-0.078977
2.464000	-0.076950
2.465000	-0.074914
2.466000	-0.072870
2.467000	-0.070818
2.468000	-0.068760
2.469000	-0.066694
2.470000	-0.064622
2.471000	-0.062543
2.472000	-0.060458
2.473000	-0.058367
2.474000	-0.056271
2.475000	-0.054170
2.476000	-0.052064
2.477000	-0.049954
2.478000	-0.047839
2.479000	-0.045720
2.480000	-0.043598
2.481000	-0.041472
2.482000	-0.039344
2.483000	-0.037212
2.484000	-0.035079
2.485000	-0.032943
2.486000	-0.030806
2.487000	-0.028667
2.488000	-0.026527
2.489000	-0.024386
2.490000	-0.022244
2.491000	-0.020102
2.492000	-0.017961
2.493000	-0.015820
2.494000	-0.013679
2.495000	-0.011540
2.496000	-0.009401
2.497000	-0.007265
2.498000	-0.005130
2.499000	-0.002998
2.500000	-0.000868
2.501000	0.001260
2.502000	0.003384
2.503000	0.005504
2.504000	0.007621
2.505000	0.009734
2.506000	0.011843
2.507000	0.013947
2.508000	0.016046
2.509000	0.018140
2.510000	0.020228
2.511000	0.022311
2.512000	0.024388
2.513000	0.026458
2.514000	0.028522
2.515000	0.030579
2.516000	0.032628
2.517000	0.034670
2.518000	0.036705
2.519000	0.038731
2.520000	0.040749
2.521000	0.042758
2.522000	0.044759
2.523000	0.046750
2.524000	0.048732
2.525000	0.050704
2.526000	0.052666
2.527000	0.054618
2.528000	0.056560
2.529000	0.058490
2.530000	0.060410
2.531000	0.062319
2.532000	0.064216
2.533000	0.066101
2.534000	0.067974
2.535000	0.069835
2.536000	0.071683
2.537000	0.073518
2.538000	0.075341
2.539000	0.077150
2.540000	0.078946
2.541000	0.080728
2.542000	0.082496
2.543000	0.084249
2.544000	0.085989
2.545000	0.087713
2.546000	0.089423
2.547000	0.091117
2.548000	0.092797
2.549000	0.094460
2.550000	0.096108
2.551000	0.097740
2.552000	0.099356
2.553000	0.100955
2.554000	0.102537
2.555000	0.104103
2.556000	0.105652
2.557000	0.107184
2.558000	0.108698
2.559000	0.110194
2.560000	0.111673
2.561000	0.113134
2.562000	0.114576
2.563000	0.116000
2.564000	0.117406
2.565000	0.118793
2.566000	0.120161
2.567000	0.121510
2.568000	0.122840
2.569000	0.124150
2.570000	0.125441
2.571000	0.126712
2.572000	0.127964
2.573000	0.129195
2.574000	0.130406
2.575000	0.131597
2.576000	0.132767
2.577000	0.133917
2.578000	0.135047
2.579000	0.136155
2.580000	0.137242
2.581000	0.138308
2.582000	0.139353
2.583000	0.140377
2.584000	0.141379
2.585000	0.142360
2.586000	0.143319
2.587000	0.144256
2.588000	0.145171
2.589000	0.146065
2.590000	0.146936
2.591000	0.147785
2.592000	0.148612
2.593000	0.149416
2.594000	0.150198
2.595000	0.150957
2.596000	0.151694
2.597000	0.152408
2.598000	0.153099
2.599000	0.153768
2.600000	0.154414
2.601000	0.155036
2.602000	0.155636
2.603000	0.156213
2.604000	0.156766
2.605000	0.157296
2.606000	0.157804
2.607000	0.158288
2.608000	0.158748
2.609000	0.159186
2.610000	0.159600
2.611000	0.159990
2.612000	0.160357
2.613000	0.160701
2.614000	0.161022
2.615000	0.161319
2.616000	0.161592
2.617000	0.161842
2.618000	0.162069
2.619000	0.162272
2.620000	0.162452
2.621000	0.162608
2.622000	0.162741
2.623000	0.162850
2.624000	0.162936
2.625000	0.162999
2.626000	0.163038
2.627000	0.163054
2.628000	0.163046
2.629000	0.163016
2.630000	0.162962
2.631000	0.162885
2.632000	0.162784
2.633000	0.162661
2.634000	0.162514
2.635000	0.162345
2.636000	0.162152
2.637000	0.161937
2.638000	0.161699
2.639000	0.161438
2.640000	0.161154
2.641000	0.160848
2.642000	0.160519
2.643000	0.160168
2.644000	0.159794
2.645000	0.159398
2.646000	0.158980
2.647000	0.158540
2.648000	0.158077
2.649000	0.157593
2.650000	0.157087
2.651000	0.156559
2.652000	0.156009
2.653000	0.155438
2.654000	0.154846
2.655000	0.154232
2.656000	0.153597
2.657000	0.152941
2.658000	0.152264
2.659000	0.151566
2.660000	0.150848
2.661000	0.150109
2.662000	0.149350
2.663000	0.148570
2.664000	0.147770
2.665000	0.146950
2.666000	0.146110
2.667000	0.145251
2.668000	0.144372
2.669000	0.143474
2.670000	0.142556
2.671000	0.141619
2.672000	0.140664
2.673000	0.139689
2.674000	0.138696
2.675000	0.137684
2.676000	0.136655
2.677000	0.135607
2.678000	0.134541
2.679000	0.133457
2.680000	0.132356
2.681000	0.131238
2.682000	0.130102
2.683000	0.128949
2.684000	0.127780
2.685000	0.126594
2.686000	0.125391
2.687000	0.124172
2.688000	0.122937
2.689000	0.121686
2.690000	0.120420
2.691000	0.119138
2.692000	0.117841
2.693000	0.116529
2.694000	0.115202
2.695000	0.113860
2.696000	0.112504
2.697000	0.111134
2.698000	0.109750
2.699000	0.108352
2.700000	0.106940
2.701000	0.105515
2.702000	0.104077
2.703000	0.102626
2.704000	0.101163
2.705000	0.099687
2.706000	0.098198
2.707000	0.096698
2.708000	0.095186
2.709000	0.093663
2.710000	0.092128
2.711000	0.090583
2.712000	0.089026
2.713000	0.087459
2.714000	0.085882
2.715000	0.084294
2.716000	0.082697
2.717000	0.081090
2.718000	0.079473
2.719000	0.077848
2.720000	0.076214
2.721000	0.074571
2.722000	0.072919
2.723000	0.071260
2.724000	0.069592
2.725000	0.067917
2.726000	0.066235
2.727000	0.064545
2.728000	0.062849
2.729000	0.061146
2.730000	0.059436
2.731000	0.057721
2.732000	0.055999
2.733000	0.054272
2.734000	0.052540
2.735000	0.050802
2.736000	0.049059
2.737000	0.047312
2.738000	0.045561
2.739000	0.043805
2.740000	0.042046
2.741000	0.040283
2.742000	0.038517
2.743000	0.036748
2.744000	0.034975
2.745000	0.033201
2.746000	0.031424
2.747000	0.029645
2.748000	0.027864
2.749000	0.026082
2.750000	0.024298
2.751000	0.022513
2.752000	0.020728
2.753000	0.018942
2.754000	0.017156
2.755000	0.015370
2.756000	0.013584
2.757000	0.011799
2.758000	0.010014
2.759000	0.008231
2.760000	0.006449
2.761000	0.004668
2.762000	0.002889
2.763000	0.001112
2.764000	-0.000662
2.765000	-0.002434
2.766000	-0.004204
2.767000	-0.005970
2.768000	-0.007733
2.769000	-0.009492
2.770000	-0.011248
2.771000	-0.012999
2.772000	-0.014746
2.773000	-0.016489
2.774000	-0.018227
2.775000	-0.019960
2.776000	-0.021688
2.777000	-0.023410
2.778000	-0.025127
2.779000	-0.026838
2.780000	-0.028542
2.781000	-0.030240
2.782000	-0.031931
2.783000	-0.033616
2.784000	-0.035293
2.785000	-0.036963
2.786000	-0.038625
2.787000	-0.040280
2.788000	-0.041927
2.789000	-0.043565
2.790000	-0.045195
2.791000	-0.046816
2.792000	-0.048428
2.793000	-0.050031
2.794000	-0.051625
2.795000	-0.053209
2.796000	-0.054783
2.797000	-0.056348
2.798000	-0.057902
2.799000	-0.059446
2.800000	-0.060979
2.801000	-0.062501
2.802000	-0.064012
2.803000	-0.065512
2.804000	-0.067001
2.805000	-0.068478
2.806000	-0.069943
2.807000	-0.071396
2.808000	-0.072837
2.809000	-0.074266
2.810000	-0.075682
2.811000	-0.077085
2.812000	-0.078475
2.813000	-0.079852
2.814000	-0.081216
2.815000	-0.082567
2.816000	-0.083903
2.817000	-0.085226
2.818000	-0.086535
2.819000	-0.087830
2.820000	-0.089110
2.821000	-0.090376
2.822000	-0.091628
2.823000	-0.092864
2.824000	-0.094086
2.825000	-0.095292
2.826000	-0.096483
2.827000	-0.097659
2.828000	-0.098819
2.829000	-0.099963
2.830000	-0.101092
2.831000	-0.102204
2.832000	-0.103301
2.833000	-0.104381
2.834000	-0.105445
2.835000	-0.106492
2.836000	-0.107523
2.837000	-0.108536
2.838000	-0.109533
2.839000	-0.110513
2.840000	-0.111476
2.841000	-0.112421
2.842000	-0.113349
2.843000	-0.114260
2.844000	-0.115153
2.845000	-0.116029
2.846000	-0.116886
2.847000	-0.117726
2.848000	-0.118548
2.849000	-0.119352
2.850000	-0.120137
2.851000	-0.120904
2.852000	-0.121653
2.853000	-0.122384
2.854000	-0.123096
2.855000	-0.123790
2.856000	-0.124465
2.857000	-0.125121
2.858000	-0.125758
2.859000	-0.126377
2.860000	-0.126976
2.861000	-0.127557
2.862000	-0.128119
2.863000	-0.128662
2.864000	-0.129185
2.865000	-0.129689
2.866000	-0.130174
2.867000	-0.130640
2.868000	-0.131087
2.869000	-0.131514
2.870000	-0.131922
2.871000	-0.132310
2.872000	-0.132679
2.873000	-0.133029
2.874000	-0.133359
2.875000	-0.133669
2.876000	-0.133961
2.877000	-0.134232
2.878000	-0.134484
2.879000	-0.134716
2.880000	-0.134929
2.881000	-0.135122
2.882000	-0.135296
2.883000	-0.135450
2.884000	-0.135585
2.885000	-0.135700
2.886000	-0.135795
2.887000	-0.135871
2.888000	-0.135928
2.889000	-0.135965
2.890000	-0.135982
2.891000	-0.135980
2.892000	-0.135959
2.893000	-0.135918
2.894000	-0.135858
2.895000	-0.135779
2.896000	-0.135680
2.897000	-0.135562
2.898000	-0.135425
2.899000	-0.135269
2.900000	-0.135093
2.901000	-0.134899
2.902000	-0.134685
2.903000	-0.134453
2.904000	-0.134202
2.905000	-0.133931
2.906000	-0.133643
2.907000	-0.133335
2.908000	-0.133009
2.909000	-0.132664
2.910000	-0.132301
2.911000	-0.131919
2.912000	-0.131519
2.913000	-0.131101
2.914000	-0.130665
2.915000	-0.130211
2.916000	-0.129738
2.917000	-0.129248
2.918000	-0.128740
2.919000	-0.128214
2.920000	-0.127671
2.921000	-0.127110
2.922000	-0.126532
2.923000	-0.125937
2.924000	-0.125324
2.925000	-0.124695
2.926000	-0.124048
2.927000	-0.123385
2.928000	-0.122705
2.929000	-0.122008
2.930000	-0.121295
2.931000	-0.120565
2.932000	-0.119819
2.933000	-0.119058
2.934000	-0.118280
2.935000	-0.117486
2.936000	-0.116677
2.937000	-0.115852
2.938000	-0.115012
2.939000	-0.114157
2.940000	-0.113286
2.941000	-0.112400
2.942000	-0.111500
2.943000	-0.110585
2.944000	-0.109655
2.945000	-0.108711
2.946000	-0.107753
2.947000	-0.106781
2.948000	-0.105794
2.949000	-0.104794
2.950000	-0.103781
2.951000	-0.102754
2.952000	-0.101714
2.953000	-0.100660
2.954000	-0.099594
2.955000	-0.098515
2.956000	-0.097423
2.957000	-0.096319
2.958000	-0.095203
2.959000	-0.094075
2.960000	-0.092935
2.961000	-0.091783
2.962000	-0.090619
2.963000	-0.089444
2.964000	-0.088259
2.965000	-0.087062
2.966000	-0.085854
2.967000	-0.084636
2.968000	-0.083407
2.969000	-0.082168
2.970000	-0.080919
2.971000	-0.079660
2.972000	-0.078392
2.973000	-0.077114
2.974000	-0.075827
2.975000	-0.074531
2.976000	-0.073226
2.977000	-0.071912
2.978000	-0.070590
2.979000	-0.069260
2.980000	-0.067921
2.981000	-0.066575
2.982000	-0.065221
2.983000	-0.063860
2.984000	-0.062491
2.985000	-0.061115
2.986000	-0.059733
2.987000	-0.058344
2.988000	-0.056948
2.989000	-0.055546
2.990000	-0.054138
2.991000	-0.052725
2.992000	-0.051306
2.993000	-0.049881
2.994000	-0.048452
2.995000	-0.047017
2.996000	-0.045578
2.997000	-0.044134
2.998000	-0.042685
2.999000	-0.041233
3.000000	-0.039777
3.001000	-0.038317
3.002000	-0.036854
3.003000	-0.035387
3.004000	-0.033917
3.005000	-0.032445
3.006000	-0.030970
3.007000	-0.029493
3.008000	-0.028013
3.009000	-0.026531
3.010000	-0.025048
3.011000	-0.023563
3.012000	-0.022077
3.013000	-0.020590
3.014000	-0.019102
3.015000	-0.017613
3.016000	-0.016124
3.017000	-0.014634
3.018000	-0.013144
3.019000	-0.011655
3.020000	-0.010166
3.021000	-0.008678
3.022000	-0.007190
3.023000	-0.005703
3.024000	-0.004218
3.025000	-0.002734
3.026000	-0.001252
3.027000	0.000228
3.028000	0.001707
3.029000	0.003183
3.030000	0.004656
3.031000	0.006127
3.032000	0.007595
3.033000	0.009060
3.034000	0.010521
3.035000	0.011979
3.036000	0.013434
3.037000	0.014884
3.038000	0.016330
3.039000	0.017772
3.040000	0.019210
3.041000	0.020642
3.042000	0.022070
3.043000	0.023493
3.044000	0.024910
3.045000	0.026322
3.046000	0.027728
3.047000	0.029128
3.048000	0.030522
3.049000	0.031910
3.050000	0.033291
3.051000	0.034666
3.052000	0.036034
3.053000	0.037395
3.054000	0.038748
3.055000	0.040094
3.056000	0.041433
3.057000	0.042764
3.058000	0.044087
3.059000	0.045401
3.060000	0.046708
3.061000	0.048006
3.062000	0.049295
3.063000	0.050576
3.064000	0.051847
3.065000	0.053110
3.066000	0.054363
3.067000	0.055606
3.068000	0.056840
3.069000	0.058064
3.070000	0.059279
3.071000	0.060483
3.072000	0.061676
3.073000	0.062859
3.074000	0.064032
3.075000	0.065194
3.076000	0.066345
3.077000	0.067485
3.078000	0.068613
3.079000	0.069731
3.080000	0.070837
3.081000	0.071931
3.082000	0.073013
3.083000	0.074084
3.084000	0.075142
3.085000	0.076188
3.086000	0.077222
3.087000	0.078244
3.088000	0.079252
3.089000	0.080249
3.090000	0.081232
3.091000	0.082202
3.092000	0.083160
3.093000	0.084104
3.094000	0.085034
3.095000	0.085952
3.096000	0.086856
3.097000	0.087746
3.098000	0.088622
3.099000	0.089485
3.100000	0.090333
3.101000	0.091168
3.102000	0.091988
3.103000	0.092794
3.104000	0.093586
3.105000	0.094363
3.106000	0.095126
3.107000	0.095874
3.108000	0.096607
3.109000	0.097325
3.110000	0.098029
3.111000	0.098718
3.112000	0.099391
3.113000	0.100050
3.114000	0.100693
3.115000	0.101321
3.116000	0.101934
3.117000	0.102531
3.118000	0.103113
3.119000	0.103679
3.120000	0.104230
3.121000	0.104765
3.122000	0.105284
3.123000	0.105788
3.124000	0.106275
3.125000	0.106747
3.126000	0.107203
3.127000	0.107643
3.128000	0.108068
3.129000	0.108476
3.130000	0.108868
3.131000	0.109244
3.132000	0.109603
3.133000	0.109947
3.134000	0.110275
3.135000	0.110586
3.136000	0.110881
3.137000	0.111160
3.138000	0.111422
3.139000	0.111669
3.140000	0.111899
3.141000	0.112112
3.142000	0.112310
3.143000	0.112491
3.144000	0.112656
3.145000	0.112804
3.146000	0.112936
3.147000	0.113052
3.148000	0.113151
3.149000	0.113235
3.150000	0.113302
3.151000	0.113352
3.152000	0.113387
3.153000	0.113405
3.154000	0.113407
3.155000	0.113392
3.156000	0.113362
3.157000	0.113315
3.158000	0.113253
3.159000	0.113174
3.160000	0.113079
3.161000	0.112968
3.162000	0.112841
3.163000	0.112698
3.164000	0.112540
3.165000	0.112365
3.166000	0.112175
3.167000	0.111969
3.168000	0.111747
3.169000	0.111509
3.170000	0.111256
3.171000	0.110988
3.172000	0.110703
3.173000	0.110404
3.174000	0.110089
3.175000	0.109759
3.176000	0.109413
3.177000	0.109053
3.178000	0.108677
3.179000	0.108287
3.180000	0.107881
3.181000	0.107461
3.182000	0.107025
3.183000	0.106576
3.184000	0.106111
3.185000	0.105632
3.186000	0.105139
3.187000	0.104631
3.188000	0.104109
3.189000	0.103573
3.190000	0.103023
3.191000	0.102458
3.192000	0.101880
3.193000	0.101289
3.194000	0.100683
3.195000	0.100064
3.196000	0.099432
3.197000	0.098786
3.198000	0.098127
3.199000	0.097455
3.200000	0.096770
3.201000	0.096072
3.202000	0.095362
3.203000	0.094638
3.204000	0.093902
3.205000	0.093154
3.206000	0.092394
3.207000	0.091621
3.208000	0.090836
3.209000	0.090040
3.210000	0.089231
3.211000	0.088411
3.212000	0.087580
3.213000	0.086737
3.214000	0.085883
3.215000	0.085018
3.216000	0.084142
3.217000	0.083255
3.218000	0.082357
3.219000	0.081449
3.220000	0.080531
3.221000	0.079602
3.222000	0.078663
3.223000	0.077715
3.224000	0.076756
3.225000	0.075788
3.226000	0.074810
3.227000	0.073823
3.228000	0.072827
3.229000	0.071822
3.230000	0.070808
3.231000	0.069785
3.232000	0.068754
3.233000	0.067714
3.234000	0.066666
3.235000	0.065610
3.236000	0.064546
3.237000	0.063474
3.238000	0.062395
3.239000	0.061308
3.240000	0.060214
3.241000	0.059113
3.242000	0.058005
3.243000	0.056890
3.244000	0.055769
3.245000	0.054641
3.246000	0.053507
3.247000	0.052367
3.248000	0.051221
3.249000	0.050069
3.250000	0.048911
3.251000	0.047749
3.252000	0.046581
3.253000	0.045408
3.254000	0.044230
3.255000	0.043047
3.256000	0.041860
3.257000	0.040669
3.258000	0.039473
3.259000	0.038274
3.260000	0.037070
3.261000	0.035863
3.262000	0.034653
3.263000	0.033439
3.264000	0.032222
3.265000	0.031003
3.266000	0.029780
3.267000	0.028555
3.268000	0.027328
3.269000	0.026098
3.270000	0.024866
3.271000	0.023633
3.272000	0.022397
3.273000	0.021161
3.274000	0.019923
3.275000	0.018683
3.276000	0.017443
3.277000	0.016202
3.278000	0.014961
3.279000	0.013719
3.280000	0.012476
3.281000	0.011234
3.282000	0.009992
3.283000	0.008750
3.284000	0.007509
3.285000	0.006268
3.286000	0.005028
3.287000	0.003789
3.288000	0.002551
3.289000	0.001315
3.290000	0.000080
3.291000	-0.001154
3.292000	-0.002385
3.293000	-0.003614
3.294000	-0.004842
3.295000	-0.006066
3.296000	-0.007289
3.297000	-0.008508
3.298000	-0.009725
3.299000	-0.010938
3.300000	-0.012149
3.301000	-0.013355
3.302000	-0.014559
3.303000	-0.015758
3.304000	-0.016954
3.305000	-0.018146
3.306000	-0.019333
3.307000	-0.020516
3.308000	-0.021694
3.309000	-0.022868
3.310000	-0.024037
3.311000	-0.025201
3.312000	-0.026359
3.313000	-0.027512
3.314000	-0.028660
3.315000	-0.029802
3.316000	-0.030938
3.317000	-0.032068
3.318000	-0.033193
3.319000	-0.034310
3.320000	-0.035422
3.321000	-0.036526
3.322000	-0.037624
3.323000	-0.038715
3.324000	-0.039800
3.325000	-0.040876
3.326000	-0.041946
3.327000	-0.043008
3.328000	-0.044063
3.329000	-0.045109
3.330000	-0.046148
3.331000	-0.047179
3.332000	-0.048202
3.333000	-0.049216
3.334000	-0.050222
3.335000	-0.051219
3.336000	-0.052208
3.337000	-0.053188
3.338000	-0.054159
3.339000	-0.055121
3.340000	-0.056074
3.341000	-0.057017
3.342000	-0.057951
3.343000	-0.058875
3.344000	-0.059790
3.345000	-0.060695
3.346000	-0.061590
3.347000	-0.062474
3.348000	-0.063349
3.349000	-0.064214
3.350000	-0.065068
3.351000	-0.065912
3.352000	-0.066745
3.353000	-0.067567
3.354000	-0.068379
3.355000	-0.069180
3.356000	-0.069969
3.357000	-0.070748
3.358000	-0.071515
3.359000	-0.072272
3.360000	-0.073017
3.361000	-0.073750
3.362000	-0.074472
3.363000	-0.075182
3.364000	-0.075881
3.365000	-0.076567
3.366000	-0.077242
3.367000	-0.077905
3.368000	-0.078556
3.369000	-0.079195
3.370000	-0.079821
3.371000	-0.080435
3.372000	-0.081037
3.373000	-0.081627
3.374000	-0.082204
3.375000	-0.082768
3.376000	-0.083320
3.377000	-0.083860
3.378000	-0.084386
3.379000	-0.084900
3.380000	-0.085401
3.381000	-0.085889
3.382000	-0.086364
3.383000	-0.086826
3.384000	-0.087275
3.385000	-0.087711
3.386000	-0.088134
3.387000	-0.088544
3.388000	-0.088940
3.389000	-0.089323
3.390000	-0.089693
3.391000	-0.090050
3.392000	-0.090393
3.393000	-0.090723
3.394000	-0.091039
3.395000	-0.091342
3.396000	-0.091632
3.397000	-0.091908
3.398000	-0.092171
3.399000	-0.092420
3.400000	-0.092655
3.401000	-0.092877
3.402000	-0.093086
3.403000	-0.093280
3.404000	-0.093462
3.405000	-0.093629
3.406000	-0.093783
3.407000	-0.093923
3.408000	-0.094050
3.409000	-0.094163
3.410000	-0.094263
3.411000	-0.094349
3.412000	-0.094421
3.413000	-0.094480
3.414000	-0.094525
3.415000	-0.094557
3.416000	-0.094575
3.417000	-0.094580
3.418000	-0.094571
3.419000	-0.094548
3.420000	-0.094512
3.421000	-0.094463
3.422000	-0.094400
3.423000	-0.094324
3.424000	-0.094234
3.425000	-0.094132
3.426000	-0.094015
3.427000	-0.093886
3.428000	-0.093743
3.429000	-0.093587
3.430000	-0.093418
3.431000	-0.093236
3.432000	-0.093041
3.433000	-0.092833
3.434000	-0.092612
3.435000	-0.092377
3.436000	-0.092130
3.437000	-0.091871
3.438000	-0.091598
3.439000	-0.091313
3.440000	-0.091015
3.441000	-0.090704
3.442000	-0.090381
3.443000	-0.090046
3.444000	-0.089698
3.445000	-0.089338
3.446000	-0.088965
3.447000	-0.088580
3.448000	-0.088184
3.449000	-0.087775
3.450000	-0.087354
3.451000	-0.086921
3.452000	-0.086477
3.453000	-0.086020
3.454000	-0.085552
3.455000	-0.085073
3.456000	-0.084582
3.457000	-0.084079
3.458000	-0.083566
3.459000	-0.083041
3.460000	-0.082505
3.461000	-0.081957
3.462000	-0.081399
3.463000	-0.080830
3.464000	-0.080251
3.465000	-0.079660
3.466000	-0.079059
3.467000	-0.078448
3.468000	-0.077826
3.469000	-0.077194
3.470000	-0.076552
3.471000	-0.075900
3.472000	-0.075238
3.473000	-0.074566
3.474000	-0.073884
3.475000	-0.073193
3.476000	-0.072492
3.477000	-0.071781
3.478000	-0.071062
3.479000	-0.070333
3.480000	-0.069596
3.481000	-0.068849
3.482000	-0.068094
3.483000	-0.067330
3.484000	-0.066557
3.485000	-0.065776
3.486000	-0.064986
3.487000	-0.064189
3.488000	-0.063383
3.489000	-0.062569
3.490000	-0.061748
3.491000	-0.060919
3.492000	-0.060082
3.493000	-0.059238
3.494000	-0.058387
3.495000	-0.057528
3.496000	-0.056662
3.497000	-0.055790
3.498000	-0.054911
3.499000	-0.054025
3.500000	-0.053132
3.501000	-0.052233
3.502000	-0.051328
3.503000	-0.050417
3.504000	-0.049500
3.505000	-0.048578
3.506000	-0.047649
3.507000	-0.046715
3.508000	-0.045776
3.509000	-0.044831
3.510000	-0.043881
3.511000	-0.042927
3.512000	-0.041967
3.513000	-0.041003
3.514000	-0.040034
3.515000	-0.039061
3.516000	-0.038084
3.517000	-0.037102
3.518000	-0.036117
3.519000	-0.035128
3.520000	-0.034135
3.521000	-0.033139
3.522000	-0.032139
3.523000	-0.031136
3.524000	-0.030130
3.525000	-0.029121
3.526000	-0.028110
3.527000	-0.027095
3.528000	-0.026079
3.529000	-0.025059
3.530000	-0.024038
3.531000	-0.023015
3.532000	-0.021990
3.533000	-0.020963
3.534000	-0.019934
3.535000	-0.018905
3.536000	-0.017873
3.537000	-0.016841
3.538000	-0.015808
3.539000	-0.014774
3.540000	-0.013739
3.541000	-0.012704
3.542000	-0.011668
3.543000	-0.010632
3.544000	-0.009596
3.545000	-0.008560
3.546000	-0.007524
3.547000	-0.006489
3.548000	-0.005454
3.549000	-0.004420
3.550000	-0.003386
3.551000	-0.002353
3.552000	-0.001322
3.553000	-0.000292
3.554000	0.000737
3.555000	0.001764
3.556000	0.002790
3.557000	0.003814
3.558000	0.004836
3.559000	0.005856
3.560000	0.006873
3.561000	0.007888
3.562000	0.008901
3.563000	0.009911
3.564000	0.010918
3.565000	0.011922
3.566000	0.012923
3.567000	0.013921
3.568000	0.014916
3.569000	0.015907
3.570000	0.016894
3.571000	0.017878
3.572000	0.018858
3.573000	0.019833
3.574000	0.020805
3.575000	0.021772
3.576000	0.022735
3.577000	0.023693
3.578000	0.024646
3.579000	0.025595
3.580000	0.026539
3.581000	0.027477
3.582000	0.028410
3.583000	0.029338
3.584000	0.030261
3.585000	0.031178
3.586000	0.032089
3.587000	0.032995
3.588000	0.033894
3.589000	0.034787
3.590000	0.035674
3.591000	0.036555
3.592000	0.037430
3.593000	0.038298
3.594000	0.039159
3.595000	0.040013
3.596000	0.040861
3.597000	0.041701
3.598000	0.042534
3.599000	0.043361
3.600000	0.044179
3.601000	0.044991
3.602000	0.045795
3.603000	0.046591
3.604000	0.047379
3.605000	0.048160
3.606000	0.048933
3.607000	0.049697
3.608000	0.050454
3.609000	0.051202
3.610000	0.051942
3.611000	0.052673
3.612000	0.053396
3.613000	0.054110
3.614000	0.054816
3.615000	0.055512
3.616000	0.056200
3.617000	0.056879
3.618000	0.057549
3.619000	0.058210
3.620000	0.058861
3.621000	0.059503
3.622000	0.060136
3.623000	0.060759
3.624000	0.061373
3.625000	0.061977
3.626000	0.062571
3.627000	0.063156
3.628000	0.063731
3.629000	0.064296
3.630000	0.064851
3.631000	0.065396
3.632000	0.065931
3.633000	0.066456
3.634000	0.066970
3.635000	0.067474
3.636000	0.067968
3.637000	0.068452
3.638000	0.068925
3.639000	0.069388
3.640000	0.069840
3.641000	0.070281
3.642000	0.070712
3.643000	0.071132
3.644000	0.071541
3.645000	0.071940
3.646000	0.072328
3.647000	0.072705
3.648000	0.073071
3.649000	0.073426
3.650000	0.073770
3.651000	0.074103
3.652000	0.074425
3.653000	0.074736
3.654000	0.075036
3.655000	0.075324
3.656000	0.075602
3.657000	0.075868
3.658000	0.076123
3.659000	0.076367
3.660000	0.076600
3.661000	0.076822
3.662000	0.077032
3.663000	0.077231
3.664000	0.077418
3.665000	0.077594
3.666000	0.077759
3.667000	0.077913
3.668000	0.078055
3.669000	0.078186
3.670000	0.078306
3.671000	0.078414
3.672000	0.078511
3.673000	0.078596
3.674000	0.078670
3.675000	0.078733
3.676000	0.078785
3.677000	0.078825
3.678000	0.078854
3.679000	0.078871
3.680000	0.078878
3.681000	0.078873
3.682000	0.078856
3.683000	0.078829
3.684000	0.078790
3.685000	0.078740
3.686000	0.078679
3.687000	0.078607
3.688000	0.078524
3.689000	0.078429
3.690000	0.078324
3.691000	0.078207
3.692000	0.078079
3.693000	0.077941
3.694000	0.077791
3.695000	0.077631
3.696000	0.077460
3.697000	0.077277
3.698000	0.077085
3.699000	0.076881
3.700000	0.076667
3.701000	0.076442
3.702000	0.076206
3.703000	0.075960
3.704000	0.075703
3.705000	0.075436
3.706000	0.075158
3.707000	0.074871
3.708000	0.074572
3.709000	0.074264
3.710000	0.073945
3.711000	0.073617
3.712000	0.073278
3.713000	0.072929
3.714000	0.072570
3.715000	0.072202
3.716000	0.071823
3.717000	0.071435
3.718000	0.071037
3.719000	0.070630
3.720000	0.070213
3.721000	0.069787
3.722000	0.069351
3.723000	0.068906
3.724000	0.068452
3.725000	0.067988
3.726000	0.067516
3.727000	0.067034
3.728000	0.066544
3.729000	0.066044
3.730000	0.065536
3.731000	0.065020
3.732000	0.064494
3.733000	0.063961
3.734000	0.063419
3.735000	0.062868
3.736000	0.062310
3.737000	0.061743
3.738000	0.061168
3.739000	0.060585
3.740000	0.059995
3.741000	0.059396
3.742000	0.058790
3.743000	0.058177
3.744000	0.057556
3.745000	0.056927
3.746000	0.056292
3.747000	0.055649
3.748000	0.054999
3.749000	0.054342
3.750000	0.053678
3.751000	0.053008
3.752000	0.052331
3.753000	0.051647
3.754000	0.050957
3.755000	0.050261
3.756000	0.049558
3.757000	0.048849
3.758000	0.048134
3.759000	0.047414
3.760000	0.046687
3.761000	0.045955
3.762000	0.045218
3.763000	0.044475
3.764000	0.043726
3.765000	0.042973
3.766000	0.042214
3.767000	0.041450
3.768000	0.040682
3.769000	0.039908
3.770000	0.039130
3.771000	0.038348
3.772000	0.037561
3.773000	0.036770
3.774000	0.035975
3.775000	0.035175
3.776000	0.034372
3.777000	0.033565
3.778000	0.032754
3.779000	0.031940
3.780000	0.031122
3.781000	0.030301
3.782000	0.029477
3.783000	0.028649
3.784000	0.027819
3.785000	0.026986
3.786000	0.026150
3.787000	0.025312
3.788000	0.024471
3.789000	0.023628
3.790000	0.022782
3.791000	0.021935
3.792000	0.021085
3.793000	0.020234
3.794000	0.019381
3.795000	0.018526
3.796000	0.017670
3.797000	0.016813
3.798000	0.015954
3.799000	0.015094
3.800000	0.014234
3.801000	0.013372
3.802000	0.012510
3.803000	0.011647
3.804000	0.010784
3.805000	0.009920
3.806000	0.009056
3.807000	0.008192
3.808000	0.007328
3.809000	0.006464
3.810000	0.005600
3.811000	0.004737
3.812000	0.003875
3.813000	0.003013
3.814000	0.002151
3.815000	0.001291
3.816000	0.000431
3.817000	-0.000427
3.818000	-0.001284
3.819000	-0.002140
3.820000	-0.002994
3.821000	-0.003846
3.822000	-0.004697
3.823000	-0.005546
3.824000	-0.006393
3.825000	-0.007238
3.826000	-0.008081
3.827000	-0.008922
3.828000	-0.009760
3.829000	-0.010595
3.830000	-0.011428
3.831000	-0.012258
3.832000	-0.013085
3.833000	-0.013909
3.834000	-0.014730
3.835000	-0.015548
3.836000	-0.016363
3.837000	-0.017174
3.838000	-0.017981
3.839000	-0.018785
3.840000	-0.019585
3.841000	-0.020381
3.842000	-0.021173
3.843000	-0.021961
3.844000	-0.022744
3.845000	-0.023524
3.846000	-0.024299
3.847000	-0.025069
3.848000	-0.025835
3.849000	-0.026596
3.850000	-0.027352
3.851000	-0.028103
3.852000	-0.028849
3.853000	-0.029590
3.854000	-0.030326
3.855000	-0.031056
3.856000	-0.031781
3.857000	-0.032501
3.858000	-0.033215
3.859000	-0.033923
3.860000	-0.034625
3.861000	-0.035321
3.862000	-0.036012
3.863000	-0.036696
3.864000	-0.037374
3.865000	-0.038046
3.866000	-0.038711
3.867000	-0.039370
3.868000	-0.040022
3.869000	-0.040668
3.870000	-0.041307
3.871000	-0.041940
3.872000	-0.042565
3.873000	-0.043184
3.874000	-0.043795
3.875000	-0.044400
3.876000	-0.044997
3.877000	-0.045587
3.878000	-0.046170
3.879000	-0.046745
3.880000	-0.047313
3.881000	-0.047873
3.882000	-0.048426
3.883000	-0.048971
3.884000	-0.049508
3.885000	-0.050037
3.886000	-0.050559
3.887000	-0.051072
3.888000	-0.051578
3.889000	-0.052076
3.890000	-0.052565
3.891000	-0.053046
3.892000	-0.053519
3.893000	-0.053984
3.894000	-0.054440
3.895000	-0.054888
3.896000	-0.055328
3.897000	-0.055759
3.898000	-0.056181
3.899000	-0.056595
3.900000	-0.057000
3.901000	-0.057396
3.902000	-0.057784
3.903000	-0.058163
3.904000	-0.058533
3.905000	-0.058894
3.906000	-0.059247
3.907000	-0.059590
3.908000	-0.059924
3.909000	-0.060250
3.910000	-0.060566
3.911000	-0.060873
3.912000	-0.061171
3.913000	-0.061460
3.914000	-0.061740
3.915000	-0.062011
3.916000	-0.062272
3.917000	-0.062524
3.918000	-0.062767
3.919000	-0.063001
3.920000	-0.063225
3.921000	-0.063440
3.922000	-0.063645
3.923000	-0.063841
3.924000	-0.064028
3.925000	-0.064205
3.926000	-0.064373
3.927000	-0.064532
3.928000	-0.064681
3.929000	-0.064820
3.930000	-0.064951
3.931000	-0.065071
3.932000	-0.065182
3.933000	-0.065284
3.934000	-0.065377
3.935000	-0.065459
3.936000	-0.065533
3.937000	-0.065597
3.938000	-0.065651
3.939000	-0.065696
3.940000	-0.065732
3.941000	-0.065758
3.942000	-0.065775
3.943000	-0.065782
3.944000	-0.065780
3.945000	-0.065768
3.946000	-0.065748
3.947000	-0.065717
3.948000	-0.065678
3.949000	-0.065629
3.950000	-0.065571
3.951000	-0.065503
3.952000	-0.065426
3.953000	-0.065340
3.954000	-0.065245
3.955000	-0.065141
3.956000	-0.065027
3.957000	-0.064904
3.958000	-0.064773
3.959000	-0.064632
3.960000	-0.064482
3.961000	-0.064323
3.962000	-0.064155
3.963000	-0.063978
3.964000	-0.063793
3.965000	-0.063598
3.966000	-0.063395
3.967000	-0.063182
3.968000	-0.062962
3.969000	-0.062732
3.970000	-0.062494
3.971000	-0.062247
3.972000	-0.061992
3.973000	-0.061728
3.974000	-0.061455
3.975000	-0.061175
3.976000	-0.060886
3.977000	-0.060588
3.978000	-0.060283
3.979000	-0.059969
3.980000	-0.059647
3.981000	-0.059317
3.982000	-0.058979
3.983000	-0.058633
3.984000	-0.058279
3.985000	-0.057917
3.986000	-0.057548
3.987000	-0.057171
3.988000	-0.056786
3.989000	-0.056394
3.990000	-0.055994
3.991000	-0.055586
3.992000	-0.055171
3.993000	-0.054749
3.994000	-0.054320
3.995000	-0.053884
3.996000	-0.053440
3.997000	-0.052989
3.998000	-0.052532
3.999000	-0.052068
4.000000	-0.051596
4.001000	-0.051118
4.002000	-0.050634
4.003000	-0.050143
4.004000	-0.049645
4.005000	-0.049141
4.006000	-0.048631
4.007000	-0.048114
4.008000	-0.047591
4.009000	-0.047063
4.010000	-0.046528
4.011000	-0.045987
4.012000	-0.045441
4.013000	-0.044888
4.014000	-0.044330
4.015000	-0.043767
4.016000	-0.043198
4.017000	-0.042624
4.018000	-0.042044
4.019000	-0.041459
4.020000	-0.040869
4.021000	-0.040274
4.022000	-0.039674
4.023000	-0.039069
4.024000	-0.038460
4.025000	-0.037846
4.026000	-0.037227
4.027000	-0.036604
4.028000	-0.035976
4.029000	-0.035344
4.030000	-0.034708
4.031000	-0.034068
4.032000	-0.033424
4.033000	-0.032776
4.034000	-0.032125
4.035000	-0.031469
4.036000	-0.030810
4.037000	-0.030148
4.038000	-0.029482
4.039000	-0.028812
4.040000	-0.028140
4.041000	-0.027465
4.042000	-0.026786
4.043000	-0.026105
4.044000	-0.025421
4.045000	-0.024734
4.046000	-0.024044
4.047000	-0.023352
4.048000	-0.022658
4.049000	-0.021962
4.050000	-0.021263
4.051000	-0.020562
4.052000	-0.019859
4.053000	-0.019154
4.054000	-0.018448
4.055000	-0.017740
4.056000	-0.017030
4.057000	-0.016319
4.058000	-0.015607
4.059000	-0.014893
4.060000	-0.014178
4.061000	-0.013462
4.062000	-0.012746
4.063000	-0.012028
4.064000	-0.011309
4.065000	-0.010590
4.066000	-0.009871
4.067000	-0.009151
4.068000	-0.008431
4.069000	-0.007710
4.070000	-0.006990
4.071000	-0.006269
4.072000	-0.005549
4.073000	-0.004828
4.074000	-0.004108
4.075000	-0.003389
4.076000	-0.002670
4.077000	-0.001951
4.078000	-0.001234
4.079000	-0.000517
4.080000	0.000199
4.081000	0.000914
4.082000	0.001628
4.083000	0.002341
4.084000	0.003052
4.085000	0.003762
4.086000	0.004471
4.087000	0.005177
4.088000	0.005883
4.089000	0.006586
4.090000	0.007287
4.091000	0.007987
4.092000	0.008684
4.093000	0.009379
4.094000	0.010072
4.095000	0.010762
4.096000	0.011450
4.097000	0.012135
4.098000	0.012818
4.099000	0.013498
4.100000	0.014175
4.101000	0.014849
4.102000	0.015520
4.103000	0.016187
4.104000	0.016852
4.105000	0.017513
4.106000	0.018171
4.107000	0.018826
4.108000	0.019476
4.109000	0.020123
4.110000	0.020767
4.111000	0.021406
4.112000	0.022042
4.113000	0.022673
4.114000	0.023301
4.115000	0.023924
4.116000	0.024543
4.117000	0.025157
4.118000	0.025767
4.119000	0.026373
4.120000	0.026974
4.121000	0.027570
4.122000	0.028162
4.123000	0.028749
4.124000	0.029330
4.125000	0.029907
4.126000	0.030479
4.127000	0.031046
4.128000	0.031607
4.129000	0.032163
4.130000	0.032714
4.131000	0.033259
4.132000	0.033799
4.133000	0.034333
4.134000	0.034862
4.135000	0.035385
4.136000	0.035902
4.137000	0.036413
4.138000	0.036919
4.139000	0.037418
4.140000	0.037911
4.141000	0.038399
4.142000	0.038880
4.143000	0.039355
4.144000	0.039823
4.145000	0.040286
4.146000	0.040742
4.147000	0.041191
4.148000	0.041634
4.149000	0.042070
4.150000	0.042500
4.151000	0.042923
4.152000	0.043340
4.153000	0.043749
4.154000	0.044152
4.155000	0.044548
4.156000	0.044937
4.157000	0.045319
4.158000	0.045694
4.159000	0.046062
4.160000	0.046423
4.161000	0.046777
4.162000	0.047124
4.163000	0.047463
4.164000	0.047796
4.165000	0.048121
4.166000	0.048438
4.167000	0.048749
4.168000	0.049051
4.169000	0.049347
4.170000	0.049635
4.171000	0.049915
4.172000	0.050188
4.173000	0.050454
4.174000	0.050712
4.175000	0.050962
4.176000	0.051205
4.177000	0.051440
4.178000	0.051667
4.179000	0.051887
4.180000	0.052099
4.181000	0.052303
4.182000	0.052499
4.183000	0.052688
4.184000	0.052869
4.185000	0.053042
4.186000	0.053207
4.187000	0.053365
4.188000	0.053514
4.189000	0.053656
4.190000	0.053790
4.191000	0.053916
4.192000	0.054034
4.193000	0.054144
4.194000	0.054247
4.195000	0.054341
4.196000	0.054428
4.197000	0.054507
4.198000	0.054577
4.199000	0.054640
4.200000	0.054695
4.201000	0.054743
4.202000	0.054782
4.203000	0.054813
4.204000	0.054837
4.205000	0.054852
4.206000	0.054860
4.207000	0.054860
4.208000	0.054852
4.209000	0.054837
4.210000	0.054813
4.211000	0.054782
4.212000	0.054743
4.213000	0.054696
4.214000	0.054641
4.215000	0.054579
4.216000	0.054509
4.217000	0.054431
4.218000	0.054346
4.219000	0.054253
4.220000	0.054152
4.221000	0.054044
4.222000	0.053928
4.223000	0.053805
4.224000	0.053674
4.225000	0.053535
4.226000	0.053389
4.227000	0.053236
4.228000	0.053076
4.229000	0.052908
4.230000	0.052732
4.231000	0.052550
4.232000	0.052360
4.233000	0.052163
4.234000	0.051958
4.235000	0.051747
4.236000	0.051529
4.237000	0.051303
4.238000	0.051070
4.239000	0.050831
4.240000	0.050584
4.241000	0.050331
4.242000	0.050071
4.243000	0.049804
4.244000	0.049530
4.245000	0.049250
4.246000	0.048963
4.247000	0.048669
4.248000	0.048369
4.249000	0.048062
4.250000	0.047749
4.251000	0.047429
4.252000	0.047103
4.253000	0.046771
4.254000	0.046433
4.255000	0.046088
4.256000	0.045737
4.257000	0.045381
4.258000	0.045018
4.259000	0.044649
4.260000	0.044275
4.261000	0.043895
4.262000	0.043509
4.263000	0.043117
4.264000	0.042719
4.265000	0.042317
4.266000	0.041908
4.267000	0.041494
4.268000	0.041075
4.269000	0.040651
4.270000	0.040221
4.271000	0.039786
4.272000	0.039346
4.273000	0.038901
4.274000	0.038451
4.275000	0.037997
4.276000	0.037537
4.277000	0.037073
4.278000	0.036604
4.279000	0.036130
4.280000	0.035652
4.281000	0.035170
4.282000	0.034683
4.283000	0.034192
4.284000	0.033697
4.285000	0.033197
4.286000	0.032694
4.287000	0.032186
4.288000	0.031675
4.289000	0.031160
4.290000	0.030641
4.291000	0.030118
4.292000	0.029592
4.293000	0.029063
4.294000	0.028529
4.295000	0.027993
4.296000	0.027453
4.297000	0.026911
4.298000	0.026365
4.299000	0.025816
4.300000	0.025264
4.301000	0.024709
4.302000	0.024151
4.303000	0.023591
4.304000	0.023028
4.305000	0.022463
4.306000	0.021895
4.307000	0.021325
4.308000	0.020753
4.309000	0.020179
4.310000	0.019602
4.311000	0.019023
4.312000	0.018443
4.313000	0.017860
4.314000	0.017276
4.315000	0.016691
4.316000	0.016103
4.317000	0.015514
4.318000	0.014924
4.319000	0.014333
4.320000	0.013740
4.321000	0.013146
4.322000	0.012551
4.323000	0.011955
4.324000	0.011358
4.325000	0.010760
4.326000	0.010162
4.327000	0.009563
4.328000	0.008964
4.329000	0.008364
4.330000	0.007763
4.331000	0.007163
4.332000	0.006562
4.333000	0.005961
4.334000	0.005360
4.335000	0.004759
4.336000	0.004158
4.337000	0.003558
4.338000	0.002958
4.339000	0.002358
4.340000	0.001758
4.341000	0.001160
4.342000	0.000562
4.343000	-0.000036
4.344000	-0.000632
4.345000	-0.001228
4.346000	-0.001822
4.347000	-0.002416
4.348000	-0.003008
4.349000	-0.003599
4.350000	-0.004189
4.351000	-0.004777
4.352000	-0.005364
4.353000	-0.005949
4.354000	-0.006533
4.355000	-0.007115
4.356000	-0.007695
4.357000	-0.008273
4.358000	-0.008849
4.359000	-0.009424
4.360000	-0.009996
4.361000	-0.010565
4.362000	-0.011133
4.363000	-0.011698
4.364000	-0.012261
4.365000	-0.012821
4.366000	-0.013378
4.367000	-0.013933
4.368000	-0.014485
4.369000	-0.015035
4.370000	-0.015581
4.371000	-0.016124
4.372000	-0.016665
4.373000	-0.017202
4.374000	-0.017736
4.375000	-0.018267
4.376000	-0.018794
4.377000	-0.019318
4.378000	-0.019838
4.379000	-0.020355
4.380000	-0.020869
4.381000	-0.021378
4.382000	-0.021884
4.383000	-0.022386
4.384000	-0.022885
4.385000	-0.023379
4.386000	-0.023869
4.387000	-0.024355
4.388000	-0.024837
4.389000	-0.025315
4.390000	-0.025788
4.391000	-0.026258
4.392000	-0.026722
4.393000	-0.027183
4.394000	-0.027638
4.395000	-0.028090
4.396000	-0.028536
4.397000	-0.028978
4.398000	-0.029415
4.399000	-0.029847
4.400000	-0.030275
4.401000	-0.030697
4.402000	-0.031115
4.403000	-0.031528
4.404000	-0.031935
4.405000	-0.032338
4.406000	-0.032735
4.407000	-0.033127
4.408000	-0.033513
4.409000	-0.033895
4.410000	-0.034271
4.411000	-0.034641
4.412000	-0.035007
4.413000	-0.035366
4.414000	-0.035720
4.415000	-0.036069
4.416000	-0.036412
4.417000	-0.036749
4.418000	-0.037080
4.419000	-0.037406
4.420000	-0.037726
4.421000	-0.038040
4.422000	-0.038348
4.423000	-0.038651
4.424000	-0.038947
4.425000	-0.039238
4.426000	-0.039522
4.427000	-0.039800
4.428000	-0.040073
4.429000	-0.040339
4.430000	-0.040599
4.431000	-0.040853
4.432000	-0.041101
4.433000	-0.041342
4.434000	-0.041578
4.435000	-0.041807
4.436000	-0.042030
4.437000	-0.042246
4.438000	-0.042456
4.439000	-0.042660
4.440000	-0.042857
4.441000	-0.043048
4.442000	-0.043233
4.443000	-0.043411
4.444000	-0.043583
4.445000	-0.043748
4.446000	-0.043907
4.447000	-0.044059
4.448000	-0.044205
4.449000	-0.044344
4.450000	-0.044477
4.451000	-0.044603
4.452000	-0.044723
4.453000	-0.044836
4.454000	-0.044942
4.455000	-0.045042
4.456000	-0.045136
4.457000	-0.045223
4.458000	-0.045303
4.459000	-0.045376
4.460000	-0.045444
4.461000	-0.045504
4.462000	-0.045558
4.463000	-0.045605
4.464000	-0.045646
4.465000	-0.045680
4.466000	-0.045708
4.467000	-0.045729
4.468000	-0.045743
4.469000	-0.045751
4.470000	-0.045753
4.471000	-0.045748
4.472000	-0.045736
4.473000	-0.045718
4.474000	-0.045693
4.475000	-0.045662
4.476000	-0.045624
4.477000	-0.045580
4.478000	-0.045530
4.479000	-0.045473
4.480000	-0.045409
4.481000	-0.045339
4.482000	-0.045263
4.483000	-0.045181
4.484000	-0.045092
4.485000	-0.044996
4.486000	-0.044895
4.487000	-0.044787
4.488000	-0.044673
4.489000	-0.044553
4.490000	-0.044426
4.491000	-0.044294
4.492000	-0.044155
4.493000	-0.044010
4.494000	-0.043859
4.495000	-0.043702
4.496000	-0.043539
4.497000	-0.043370
4.498000	-0.043195
4.499000	-0.043014
4.500000	-0.042827
4.501000	-0.042635
4.502000	-0.042436
4.503000	-0.042232
4.504000	-0.042022
4.505000	-0.041806
4.506000	-0.041585
4.507000	-0.041358
4.508000	-0.041125
4.509000	-0.040887
4.510000	-0.040643
4.511000	-0.040394
4.512000	-0.040139
4.513000	-0.039879
4.514000	-0.039614
4.515000	-0.039343
4.516000	-0.039067
4.517000	-0.038786
4.518000	-0.038500
4.519000	-0.038209
4.520000	-0.037912
4.521000	-0.037611
4.522000	-0.037304
4.523000	-0.036993
4.524000	-0.036677
4.525000	-0.036356
4.526000	-0.036030
4.527000	-0.035700
4.528000	-0.035365
4.529000	-0.035026
4.530000	-0.034681
4.531000	-0.034333
4.532000	-0.033980
4.533000	-0.033622
4.534000	-0.033261
4.535000	-0.032895
4.536000	-0.032525
4.537000	-0.032150
4.538000	-0.031772
4.539000	-0.031389
4.540000	-0.031003
4.541000	-0.030613
4.542000	-0.030219
4.543000	-0.029821
4.544000	-0.029419
4.545000	-0.029014
4.546000	-0.028605
4.547000	-0.028193
4.548000	-0.027777
4.549000	-0.027358
4.550000	-0.026936
4.551000	-0.026510
4.552000	-0.026081
4.553000	-0.025649
4.554000	-0.025214
4.555000	-0.024776
4.556000	-0.024335
4.557000	-0.023891
4.558000	-0.023444
4.559000	-0.022994
4.560000	-0.022542
4.561000	-0.022087
4.562000	-0.021630
4.563000	-0.021170
4.564000	-0.020708
4.565000	-0.020244
4.566000	-0.019777
4.567000	-0.019308
4.568000	-0.018837
4.569000	-0.018364
4.570000	-0.017889
4.571000	-0.017412
4.572000	-0.016934
4.573000	-0.016453
4.574000	-0.015971
4.575000	-0.015487
4.576000	-0.015002
4.577000	-0.014515
4.578000	-0.014027
4.579000	-0.013537
4.580000	-0.013046
4.581000	-0.012554
4.582000	-0.012061
4.583000	-0.011567
4.584000	-0.011072
4.585000	-0.010576
4.586000	-0.010079
4.587000	-0.009581
4.588000	-0.009083
4.589000	-0.008584
4.590000	-0.008085
4.591000	-0.007585
4.592000	-0.007085
4.593000	-0.006584
4.594000	-0.006083
4.595000	-0.005582
4.596000	-0.005081
4.597000	-0.004580
4.598000	-0.004079
4.599000	-0.003578
4.600000	-0.003077
4.601000	-0.002576
4.602000	-0.002076
4.603000	-0.001576
4.604000	-0.001076
4.605000	-0.000578
4.606000	-0.000079
4.607000	0.000418
4.608000	0.000915
4.609000	0.001411
4.610000	0.001906
4.611000	0.002401
4.612000	0.002894
4.613000	0.003386
4.614000	0.003877
4.615000	0.004367
4.616000	0.004855
4.617000	0.005342
4.618000	0.005828
4.619000	0.006312
4.620000	0.006794
4.621000	0.007275
4.622000	0.007754
4.623000	0.008232
4.624000	0.008707
4.625000	0.009181
4.626000	0.009653
4.627000	0.010123
4.628000	0.010590
4.629000	0.011056
4.630000	0.011519
4.631000	0.011980
4.632000	0.012438
4.633000	0.012895
4.634000	0.013348
4.635000	0.013799
4.636000	0.014248
4.637000	0.014694
4.638000	0.015137
4.639000	0.015578
4.640000	0.016015
4.641000	0.016450
4.642000	0.016882
4.643000	0.017311
4.644000	0.017736
4.645000	0.018159
4.646000	0.018578
4.647000	0.018995
4.648000	0.019407
4.649000	0.019817
4.650000	0.020223
4.651000	0.020626
4.652000	0.021025
4.653000	0.021421
4.654000	0.021813
4.655000	0.022201
4.656000	0.022586
4.657000	0.022967
4.658000	0.023344
4.659000	0.023717
4.660000	0.024087
4.661000	0.024452
4.662000	0.024814
4.663000	0.025171
4.664000	0.025524
4.665000	0.025873
4.666000	0.026218
4.667000	0.026559
4.668000	0.026896
4.669000	0.027228
4.670000	0.027556
4.671000	0.027879
4.672000	0.028198
4.673000	0.028513
4.674000	0.028823
4.675000	0.029128
4.676000	0.029429
4.677000	0.029726
4.678000	0.030017
4.679000	0.030304
4.680000	0.030587
4.681000	0.030864
4.682000	0.031137
4.683000	0.031405
4.684000	0.031668
4.685000	0.031926
4.686000	0.032179
4.687000	0.032427
4.688000	0.032671
4.689000	0.032909
4.690000	0.033142
4.691000	0.033371
4.692000	0.033594
4.693000	0.033812
4.694000	0.034025
4.695000	0.034232
4.696000	0.034435
4.697000	0.034632
4.698000	0.034825
4.699000	0.035012
4.700000	0.035193
4.701000	0.035370
4.702000	0.035541
4.703000	0.035706
4.704000	0.035867
4.705000	0.036022
4.706000	0.036172
4.707000	0.036316
4.708000	0.036455
4.709000	0.036589
4.710000	0.036717
4.711000	0.036840
4.712000	0.036957
4.713000	0.037069
4.714000	0.037175
4.715000	0.037276
4.716000	0.037372
4.717000	0.037462
4.718000	0.037547
4.719000	0.037626
4.720000	0.037699
4.721000	0.037767
4.722000	0.037830
4.723000	0.037887
4.724000	0.037939
4.725000	0.037985
4.726000	0.038026
4.727000	0.038061
4.728000	0.038091
4.729000	0.038115
4.730000	0.038134
4.731000	0.038147
4.732000	0.038155
4.733000	0.038157
4.734000	0.038154
4.735000	0.038146
4.736000	0.038132
4.737000	0.038112
4.738000	0.038087
4.739000	0.038057
4.740000	0.038021
4.741000	0.037980
4.742000	0.037934
4.743000	0.037882
4.744000	0.037825
4.745000	0.037763
4.746000	0.037695
4.747000	0.037622
4.748000	0.037544
4.749000	0.037460
4.750000	0.037372
4.751000	0.037278
4.752000	0.037179
4.753000	0.037074
4.754000	0.036965
4.755000	0.036850
4.756000	0.036730
4.757000	0.036606
4.758000	0.036476
4.759000	0.036341
4.760000	0.036201
4.761000	0.036056
4.762000	0.035906
4.763000	0.035752
4.764000	0.035592
4.765000	0.035428
4.766000	0.035258
4.767000	0.035084
4.768000	0.034905
4.769000	0.034722
4.770000	0.034533
4.771000	0.034340
4.772000	0.034143
4.773000	0.033940
4.774000	0.033733
4.775000	0.033522
4.776000	0.033306
4.777000	0.033086
4.778000	0.032861
4.779000	0.032632
4.780000	0.032399
4.781000	0.032161
4.782000	0.031919
4.783000	0.031672
4.784000	0.031422
4.785000	0.031167
4.786000	0.030909
4.787000	0.030646
4.788000	0.030379
4.789000	0.030108
4.790000	0.029834
4.791000	0.029555
4.792000	0.029273
4.793000	0.028987
4.794000	0.028697
4.795000	0.028403
4.796000	0.028106
4.797000	0.027805
4.798000	0.027501
4.799000	0.027193
4.800000	0.026881
4.801000	0.026566
4.802000	0.026248
4.803000	0.025927
4.804000	0.025602
4.805000	0.025274
4.806000	0.024943
4.807000	0.024609
4.808000	0.024272
4.809000	0.023931
4.810000	0.023588
4.811000	0.023242
4.812000	0.022893
4.813000	0.022541
4.814000	0.022187
4.815000	0.021830
4.816000	0.021470
4.817000	0.021107
4.818000	0.020743
4.819000	0.020375
4.820000	0.020006
4.821000	0.019633
4.822000	0.019259
4.823000	0.018882
4.824000	0.018504
4.825000	0.018123
4.826000	0.017740
4.827000	0.017355
4.828000	0.016968
4.829000	0.016579
4.830000	0.016188
4.831000	0.015796
4.832000	0.015402
4.833000	0.015006
4.834000	0.014609
4.835000	0.014210
4.836000	0.013809
4.837000	0.013408
4.838000	0.013004
4.839000	0.012600
4.840000	0.012194
4.841000	0.011787
4.842000	0.011379
4.843000	0.010970
4.844000	0.010560
4.845000	0.010149
4.846000	0.009737
4.847000	0.009324
4.848000	0.008911
4.849000	0.008497
4.850000	0.008082
4.851000	0.007666
4.852000	0.007250
4.853000	0.006834
4.854000	0.006417
4.855000	0.006000
4.856000	0.005582
4.857000	0.005165
4.858000	0.004747
4.859000	0.004329
4.860000	0.003911
4.861000	0.003493
4.862000	0.003075
4.863000	0.002657
4.864000	0.002240
4.865000	0.001823
4.866000	0.001406
4.867000	0.000989
4.868000	0.000573
4.869000	0.000157
4.870000	-0.000258
4.871000	-0.000673
4.872000	-0.001086
4.873000	-0.001500
4.874000	-0.001912
4.875000	-0.002323
4.876000	-0.002734
4.877000	-0.003144
4.878000	-0.003552
4.879000	-0.003960
4.880000	-0.004366
4.881000	-0.004772
4.882000	-0.005176
4.883000	-0.005578
4.884000	-0.005980
4.885000	-0.006380
4.886000	-0.006778
4.887000	-0.007175
4.888000	-0.007570
4.889000	-0.007964
4.890000	-0.008356
4.891000	-0.008747
4.892000	-0.009135
4.893000	-0.009522
4.894000	-0.009907
4.895000	-0.010290
4.896000	-0.010671
4.897000	-0.011050
4.898000	-0.011426
4.899000	-0.011801
4.900000	-0.012173
4.901000	-0.012543
4.902000	-0.012911
4.903000	-0.013277
4.904000	-0.013640
4.905000	-0.014001
4.906000	-0.014359
4.907000	-0.014714
4.908000	-0.015067
4.909000	-0.015418
4.910000	-0.015765
4.911000	-0.016110
4.912000	-0.016452
4.913000	-0.016792
4.914000	-0.017128
4.915000	-0.017462
4.916000	-0.017793
4.917000	-0.018120
4.918000	-0.018445
4.919000	-0.018766
4.920000	-0.019085
4.921000	-0.019400
4.922000	-0.019712
4.923000	-0.020021
4.924000	-0.020326
4.925000	-0.020628
4.926000	-0.020927
4.927000	-0.021223
4.928000	-0.021514
4.929000	-0.021803
4.930000	-0.022088
4.931000	-0.022369
4.932000	-0.022647
4.933000	-0.022921
4.934000	-0.023192
4.935000	-0.023459
4.936000	-0.023722
4.937000	-0.023981
4.938000	-0.024237
4.939000	-0.024489
4.940000	-0.024737
4.941000	-0.024981
4.942000	-0.025221
4.943000	-0.025457
4.944000	-0.025690
4.945000	-0.025918
4.946000	-0.026142
4.947000	-0.026363
4.948000	-0.026579
4.949000	-0.026791
4.950000	-0.026999
4.951000	-0.027203
4.952000	-0.027402
4.953000	-0.027598
4.954000	-0.027789
4.955000	-0.027976
4.956000	-0.028159
4.957000	-0.028337
4.958000	-0.028512
4.959000	-0.028682
4.960000	-0.028847
4.961000	-0.029008
4.962000	-0.029165
4.963000	-0.029318
4.964000	-0.029466
4.965000	-0.029609
4.966000	-0.029749
4.967000	-0.029883
4.968000	-0.030014
4.969000	-0.030140
4.970000	-0.030261
4.971000	-0.030378
4.972000	-0.030490
4.973000	-0.030598
4.974000	-0.030702
4.975000	-0.030800
4.976000	-0.030895
4.977000	-0.030984
4.978000	-0.031070
4.979000	-0.031150
4.980000	-0.031226
4.981000	-0.031298
4.982000	-0.031365
4.983000	-0.031427
4.984000	-0.031485
4.985000	-0.031538
4.986000	-0.031587
4.987000	-0.031631
4.988000	-0.031671
4.989000	-0.031706
4.990000	-0.031736
4.991000	-0.031762
4.992000	-0.031783
4.993000	-0.031800
4.994000	-0.031812
4.995000	-0.031819
4.996000	-0.031822
4.997000	-0.031821
4.998000	-0.031815
4.999000	-0.031804
