0.000000	1.000000
0.001000	0.999191
0.002000	0.998241
0.003000	0.997149
0.004000	0.995917
0.005000	0.994545
0.006000	0.993032
0.007000	0.991380
0.008000	0.989588
0.009000	0.987658
0.010000	0.985590
0.011000	0.983384
0.012000	0.981041
0.013000	0.978561
0.014000	0.975944
0.015000	0.973193
0.016000	0.970306
0.017000	0.967285
0.018000	0.964130
0.019000	0.960842
0.020000	0.957421
0.021000	0.953869
0.022000	0.950185
0.023000	0.946372
0.024000	0.942428
0.025000	0.938356
0.026000	0.934155
0.027000	0.929827
0.028000	0.925373
0.029000	0.920793
0.030000	0.916088
0.031000	0.911258
0.032000	0.906306
0.033000	0.901231
0.034000	0.896035
0.035000	0.890719
0.036000	0.885283
0.037000	0.879728
0.038000	0.874056
0.039000	0.868267
0.040000	0.862362
0.041000	0.856342
0.042000	0.850209
0.043000	0.843964
0.044000	0.837606
0.045000	0.831139
0.046000	0.824561
0.047000	0.817876
0.048000	0.811083
0.049000	0.804184
0.050000	0.797181
0.051000	0.790073
0.052000	0.782863
0.053000	0.775551
0.054000	0.768139
0.055000	0.760628
0.056000	0.753019
0.057000	0.745314
0.058000	0.737513
0.059000	0.729618
0.060000	0.721630
0.061000	0.713550
0.062000	0.705380
0.063000	0.697122
0.064000	0.688775
0.065000	0.680342
0.066000	0.671824
0.067000	0.663222
0.068000	0.654538
0.069000	0.645772
0.070000	0.636927
0.071000	0.628004
0.072000	0.619004
0.073000	0.609928
0.074000	0.600778
0.075000	0.591556
0.076000	0.582262
0.077000	0.572898
0.078000	0.563466
0.079000	0.553967
0.080000	0.544402
0.081000	0.534774
0.082000	0.525083
0.083000	0.515330
0.084000	0.505518
0.085000	0.495648
0.086000	0.485721
0.087000	0.475739
0.088000	0.465704
0.089000	0.455616
0.090000	0.445477
0.091000	0.435290
0.092000	0.425054
0.093000	0.414773
0.094000	0.404447
0.095000	0.394079
0.096000	0.383668
0.097000	0.373218
0.098000	0.362730
0.099000	0.352205
0.100000	0.341644
0.101000	0.331050
0.102000	0.320423
0.103000	0.309766
0.104000	0.299080
0.105000	0.288367
0.106000	0.277628
0.107000	0.266864
0.108000	0.256078
0.109000	0.245270
0.110000	0.234443
0.111000	0.223598
0.112000	0.212737
0.113000	0.201860
0.114000	0.190971
0.115000	0.180069
0.116000	0.169158
0.117000	0.158238
0.118000	0.147311
0.119000	0.136378
0.120000	0.125442
0.121000	0.114503
0.122000	0.103564
0.123000	0.092625
0.124000	0.081689
0.125000	0.070757
0.126000	0.059830
0.127000	0.048910
0.128000	0.037999
0.129000	0.027098
0.130000	0.016209
0.131000	0.005333
0.132000	-0.005528
0.133000	-0.016373
0.134000	-0.027200
0.135000	-0.038008
0.136000	-0.048795
0.137000	-0.059559
0.138000	-0.070300
0.139000	-0.081015
0.140000	-0.091704
0.141000	-0.102364
0.142000	-0.112994
0.143000	-0.123593
0.144000	-0.134159
0.145000	-0.144691
0.146000	-0.155187
0.147000	-0.165646
0.148000	-0.176067
0.149000	-0.186448
0.150000	-0.196787
0.151000	-0.207083
0.152000	-0.217335
0.153000	-0.227541
0.154000	-0.237700
0.155000	-0.247811
0.156000	-0.257872
0.157000	-0.267882
0.158000	-0.277839
0.159000	-0.287743
0.160000	-0.297591
0.161000	-0.307383
0.162000	-0.317117
0.163000	-0.326791
0.164000	-0.336405
0.165000	-0.345958
0.166000	-0.355447
0.167000	-0.364872
0.168000	-0.374232
0.169000	-0.383525
0.170000	-0.392750
0.171000	-0.401905
0.172000	-0.410990
0.173000	-0.420004
0.174000	-0.428944
0.175000	-0.437811
0.176000	-0.446602
0.177000	-0.455318
0.178000	-0.463955
0.179000	-0.472514
0.180000	-0.480994
0.181000	-0.489393
0.182000	-0.497710
0.183000	-0.505944
0.184000	-0.514094
0.185000	-0.522158
0.186000	-0.530137
0.187000	-0.538029
0.188000	-0.545833
0.189000	-0.553548
0.190000	-0.561172
0.191000	-0.568706
0.192000	-0.576148
0.193000	-0.583496
0.194000	-0.590752
0.195000	-0.597912
0.196000	-0.604977
0.197000	-0.611945
0.198000	-0.618816
0.199000	-0.625589
0.200000	-0.632263
0.201000	-0.638837
0.202000	-0.645311
0.203000	-0.651683
0.204000	-0.657953
0.205000	-0.664120
0.206000	-0.670184
0.207000	-0.676143
0.208000	-0.681997
0.209000	-0.687745
0.210000	-0.693388
0.211000	-0.698923
0.212000	-0.704350
0.213000	-0.709669
0.214000	-0.714879
0.215000	-0.719980
0.216000	-0.724971
0.217000	-0.729851
0.218000	-0.734620
0.219000	-0.739277
0.220000	-0.743822
0.221000	-0.748254
0.222000	-0.752573
0.223000	-0.756779
0.224000	-0.760870
0.225000	-0.764847
0.226000	-0.768710
0.227000	-0.772457
0.228000	-0.776088
0.229000	-0.779603
0.230000	-0.783002
0.231000	-0.786285
0.232000	-0.789450
0.233000	-0.792499
0.234000	-0.795429
0.235000	-0.798242
0.236000	-0.800938
0.237000	-0.803514
0.238000	-0.805973
0.239000	-0.808313
0.240000	-0.810534
0.241000	-0.812637
0.242000	-0.814620
0.243000	-0.816484
0.244000	-0.818229
0.245000	-0.819855
0.246000	-0.821361
0.247000	-0.822748
0.248000	-0.824016
0.249000	-0.825164
0.250000	-0.826192
0.251000	-0.827101
0.252000	-0.827891
0.253000	-0.828562
0.254000	-0.829113
0.255000	-0.829545
0.256000	-0.829858
0.257000	-0.830053
0.258000	-0.830128
0.259000	-0.830085
0.260000	-0.829923
0.261000	-0.829643
0.262000	-0.829245
0.263000	-0.828730
0.264000	-0.828096
0.265000	-0.827346
0.266000	-0.826478
0.267000	-0.825494
0.268000	-0.824393
0.269000	-0.823176
0.270000	-0.821843
0.271000	-0.820395
0.272000	-0.818832
0.273000	-0.817154
0.274000	-0.815362
0.275000	-0.813456
0.276000	-0.811437
0.277000	-0.809305
0.278000	-0.807060
0.279000	-0.804703
0.280000	-0.802235
0.281000	-0.799655
0.282000	-0.796966
0.283000	-0.794166
0.284000	-0.791257
0.285000	-0.788239
0.286000	-0.785113
0.287000	-0.781879
0.288000	-0.778538
0.289000	-0.775091
0.290000	-0.771539
0.291000	-0.767881
0.292000	-0.764118
0.293000	-0.760252
0.294000	-0.756283
0.295000	-0.752212
0.296000	-0.748039
0.297000	-0.743766
0.298000	-0.739392
0.299000	-0.734919
0.300000	-0.730347
0.301000	-0.725678
0.302000	-0.720911
0.303000	-0.716049
0.304000	-0.711091
0.305000	-0.706039
0.306000	-0.700894
0.307000	-0.695655
0.308000	-0.690325
0.309000	-0.684904
0.310000	-0.679393
0.311000	-0.673792
0.312000	-0.668104
0.313000	-0.662328
0.314000	-0.656466
0.315000	-0.650519
0.316000	-0.644487
0.317000	-0.638372
0.318000	-0.632174
0.319000	-0.625895
0.320000	-0.619536
0.321000	-0.613097
0.322000	-0.606580
0.323000	-0.599986
0.324000	-0.593315
0.325000	-0.586569
0.326000	-0.579750
0.327000	-0.572857
0.328000	-0.565892
0.329000	-0.558856
0.330000	-0.551751
0.331000	-0.544577
0.332000	-0.537335
0.333000	-0.530027
0.334000	-0.522654
0.335000	-0.515217
0.336000	-0.507717
0.337000	-0.500155
0.338000	-0.492533
0.339000	-0.484851
0.340000	-0.477110
0.341000	-0.469313
0.342000	-0.461460
0.343000	-0.453552
0.344000	-0.445591
0.345000	-0.437578
0.346000	-0.429513
0.347000	-0.421399
0.348000	-0.413236
0.349000	-0.405026
0.350000	-0.396769
0.351000	-0.388468
0.352000	-0.380123
0.353000	-0.371736
0.354000	-0.363308
0.355000	-0.354840
0.356000	-0.346333
0.357000	-0.337789
0.358000	-0.329209
0.359000	-0.320595
0.360000	-0.311947
0.361000	-0.303266
0.362000	-0.294555
0.363000	-0.285814
0.364000	-0.277045
0.365000	-0.268249
0.366000	-0.259427
0.367000	-0.250580
0.368000	-0.241711
0.369000	-0.232819
0.370000	-0.223907
0.371000	-0.214976
0.372000	-0.206027
0.373000	-0.197061
0.374000	-0.188080
0.375000	-0.179085
0.376000	-0.170077
0.377000	-0.161058
0.378000	-0.152029
0.379000	-0.142991
0.380000	-0.133945
0.381000	-0.124893
0.382000	-0.115836
0.383000	-0.106776
0.384000	-0.097713
0.385000	-0.088649
0.386000	-0.079586
0.387000	-0.070524
0.388000	-0.061465
0.389000	-0.052410
0.390000	-0.043361
0.391000	-0.034318
0.392000	-0.025284
0.393000	-0.016258
0.394000	-0.007243
0.395000	0.001760
0.396000	0.010749
0.397000	0.019725
0.398000	0.028685
0.399000	0.037628
0.400000	0.046553
0.401000	0.055458
0.402000	0.064343
0.403000	0.073206
0.404000	0.082046
0.405000	0.090861
0.406000	0.099651
0.407000	0.108414
0.408000	0.117149
0.409000	0.125856
0.410000	0.134531
0.411000	0.143175
0.412000	0.151786
0.413000	0.160364
0.414000	0.168906
0.415000	0.177412
0.416000	0.185880
0.417000	0.194310
0.418000	0.202700
0.419000	0.211049
0.420000	0.219356
0.421000	0.227620
0.422000	0.235839
0.423000	0.244013
0.424000	0.252141
0.425000	0.260221
0.426000	0.268252
0.427000	0.276234
0.428000	0.284165
0.429000	0.292044
0.430000	0.299870
0.431000	0.307642
0.432000	0.315358
0.433000	0.323019
0.434000	0.330623
0.435000	0.338169
0.436000	0.345656
0.437000	0.353083
0.438000	0.360448
0.439000	0.367752
0.440000	0.374993
0.441000	0.382170
0.442000	0.389282
0.443000	0.396328
0.444000	0.403308
0.445000	0.410221
0.446000	0.417064
0.447000	0.423839
0.448000	0.430543
0.449000	0.437177
0.450000	0.443738
0.451000	0.450227
0.452000	0.456642
0.453000	0.462983
0.454000	0.469248
0.455000	0.475438
0.456000	0.481551
0.457000	0.487587
0.458000	0.493544
0.459000	0.499423
0.460000	0.505221
0.461000	0.510940
0.462000	0.516577
0.463000	0.522132
0.464000	0.527605
0.465000	0.532995
0.466000	0.538301
0.467000	0.543523
0.468000	0.548659
0.469000	0.553710
0.470000	0.558675
0.471000	0.563553
0.472000	0.568343
0.473000	0.573045
0.474000	0.577659
0.475000	0.582184
0.476000	0.586620
0.477000	0.590965
0.478000	0.595219
0.479000	0.599383
0.480000	0.603455
0.481000	0.607435
0.482000	0.611323
0.483000	0.615118
0.484000	0.618820
0.485000	0.622428
0.486000	0.625942
0.487000	0.629361
0.488000	0.632686
0.489000	0.635916
0.490000	0.639051
0.491000	0.642090
0.492000	0.645032
0.493000	0.647879
0.494000	0.650629
0.495000	0.653282
0.496000	0.655838
0.497000	0.658297
0.498000	0.660658
0.499000	0.662922
0.500000	0.665088
0.501000	0.667156
0.502000	0.669125
0.503000	0.670997
0.504000	0.672769
0.505000	0.674444
0.506000	0.676019
0.507000	0.677496
0.508000	0.678874
0.509000	0.680153
0.510000	0.681333
0.511000	0.682414
0.512000	0.683397
0.513000	0.684280
0.514000	0.685064
0.515000	0.685750
0.516000	0.686336
0.517000	0.686824
0.518000	0.687213
0.519000	0.687503
0.520000	0.687695
0.521000	0.687788
0.522000	0.687783
0.523000	0.687680
0.524000	0.687479
0.525000	0.687180
0.526000	0.686783
0.527000	0.686289
0.528000	0.685698
0.529000	0.685009
0.530000	0.684224
0.531000	0.683342
0.532000	0.682364
0.533000	0.681290
0.534000	0.680120
0.535000	0.678855
0.536000	0.677494
0.537000	0.676039
0.538000	0.674489
0.539000	0.672846
0.540000	0.671108
0.541000	0.669278
0.542000	0.667354
0.543000	0.665338
0.544000	0.663230
0.545000	0.661030
0.546000	0.658738
0.547000	0.656357
0.548000	0.653884
0.549000	0.651322
0.550000	0.648671
0.551000	0.645931
0.552000	0.643102
0.553000	0.640186
0.554000	0.637183
0.555000	0.634092
0.556000	0.630916
0.557000	0.627654
0.558000	0.624308
0.559000	0.620877
0.560000	0.617362
0.561000	0.613764
0.562000	0.610083
0.563000	0.606321
0.564000	0.602478
0.565000	0.598554
0.566000	0.594550
0.567000	0.590467
0.568000	0.586306
0.569000	0.582066
0.570000	0.577750
0.571000	0.573358
0.572000	0.568890
0.573000	0.564347
0.574000	0.559730
0.575000	0.555039
0.576000	0.550276
0.577000	0.545442
0.578000	0.540536
0.579000	0.535560
0.580000	0.530515
0.581000	0.525402
0.582000	0.520220
0.583000	0.514972
0.584000	0.509658
0.585000	0.504278
0.586000	0.498835
0.587000	0.493328
0.588000	0.487758
0.589000	0.482127
0.590000	0.476434
0.591000	0.470682
0.592000	0.464871
0.593000	0.459002
0.594000	0.453076
0.595000	0.447093
0.596000	0.441056
0.597000	0.434964
0.598000	0.428818
0.599000	0.422620
0.600000	0.416371
0.601000	0.410071
0.602000	0.403721
0.603000	0.397323
0.604000	0.390878
0.605000	0.384385
0.606000	0.377847
0.607000	0.371265
0.608000	0.364639
0.609000	0.357970
0.610000	0.351260
0.611000	0.344509
0.612000	0.337719
0.613000	0.330890
0.614000	0.324024
0.615000	0.317121
0.616000	0.310183
0.617000	0.303210
0.618000	0.296204
0.619000	0.289166
0.620000	0.282097
0.621000	0.274997
0.622000	0.267868
0.623000	0.260711
0.624000	0.253528
0.625000	0.246318
0.626000	0.239083
0.627000	0.231825
0.628000	0.224544
0.629000	0.217241
0.630000	0.209917
0.631000	0.202575
0.632000	0.195213
0.633000	0.187835
0.634000	0.180440
0.635000	0.173029
0.636000	0.165605
0.637000	0.158168
0.638000	0.150718
0.639000	0.143258
0.640000	0.135788
0.641000	0.128310
0.642000	0.120823
0.643000	0.113330
0.644000	0.105832
0.645000	0.098329
0.646000	0.090823
0.647000	0.083315
0.648000	0.075805
0.649000	0.068295
0.650000	0.060787
0.651000	0.053280
0.652000	0.045777
0.653000	0.038277
0.654000	0.030783
0.655000	0.023295
0.656000	0.015815
0.657000	0.008343
0.658000	0.000880
0.659000	-0.006572
0.660000	-0.014012
0.661000	-0.021440
0.662000	-0.028854
0.663000	-0.036254
0.664000	-0.043637
0.665000	-0.051004
0.666000	-0.058353
0.667000	-0.065684
0.668000	-0.072994
0.669000	-0.080284
0.670000	-0.087551
0.671000	-0.094796
0.672000	-0.102017
0.673000	-0.109213
0.674000	-0.116384
0.675000	-0.123527
0.676000	-0.130643
0.677000	-0.137730
0.678000	-0.144787
0.679000	-0.151813
0.680000	-0.158807
0.681000	-0.165769
0.682000	-0.172697
0.683000	-0.179591
0.684000	-0.186450
0.685000	-0.193271
0.686000	-0.200056
0.687000	-0.206802
0.688000	-0.213509
0.689000	-0.220176
0.690000	-0.226803
0.691000	-0.233387
0.692000	-0.239928
0.693000	-0.246426
0.694000	-0.252880
0.695000	-0.259288
0.696000	-0.265650
0.697000	-0.271965
0.698000	-0.278232
0.699000	-0.284451
0.700000	-0.290620
0.701000	-0.296739
0.702000	-0.302807
0.703000	-0.308822
0.704000	-0.314785
0.705000	-0.320695
0.706000	-0.326550
0.707000	-0.332351
0.708000	-0.338096
0.709000	-0.343784
0.710000	-0.349415
0.711000	-0.354988
0.712000	-0.360503
0.713000	-0.365958
0.714000	-0.371353
0.715000	-0.376688
0.716000	-0.381961
0.717000	-0.387172
0.718000	-0.392320
0.719000	-0.397405
0.720000	-0.402426
0.721000	-0.407382
0.722000	-0.412273
0.723000	-0.417098
0.724000	-0.421857
0.725000	-0.426549
0.726000	-0.431173
0.727000	-0.435729
0.728000	-0.440217
0.729000	-0.444635
0.730000	-0.448983
0.731000	-0.453261
0.732000	-0.457468
0.733000	-0.461604
0.734000	-0.465668
0.735000	-0.469660
0.736000	-0.473579
0.737000	-0.477425
0.738000	-0.481197
0.739000	-0.484896
0.740000	-0.488519
0.741000	-0.492068
0.742000	-0.495541
0.743000	-0.498939
0.744000	-0.502261
0.745000	-0.505506
0.746000	-0.508674
0.747000	-0.511766
0.748000	-0.514779
0.749000	-0.517715
0.750000	-0.520573
0.751000	-0.523353
0.752000	-0.526054
0.753000	-0.528676
0.754000	-0.531218
0.755000	-0.533682
0.756000	-0.536065
0.757000	-0.538369
0.758000	-0.540592
0.759000	-0.542735
0.760000	-0.544798
0.761000	-0.546780
0.762000	-0.548681
0.763000	-0.550500
0.764000	-0.552239
0.765000	-0.553897
0.766000	-0.555473
0.767000	-0.556967
0.768000	-0.558380
0.769000	-0.559711
0.770000	-0.560960
0.771000	-0.562127
0.772000	-0.563213
0.773000	-0.564216
0.774000	-0.565138
0.775000	-0.565978
0.776000	-0.566735
0.777000	-0.567411
0.778000	-0.568004
0.779000	-0.568516
0.780000	-0.568946
0.781000	-0.569294
0.782000	-0.569560
0.783000	-0.569744
0.784000	-0.569847
0.785000	-0.569869
0.786000	-0.569809
0.787000	-0.569668
0.788000	-0.569445
0.789000	-0.569142
0.790000	-0.568758
0.791000	-0.568293
0.792000	-0.567748
0.793000	-0.567122
0.794000	-0.566417
0.795000	-0.565631
0.796000	-0.564766
0.797000	-0.563822
0.798000	-0.562798
0.799000	-0.561696
0.800000	-0.560514
0.801000	-0.559255
0.802000	-0.557918
0.803000	-0.556502
0.804000	-0.555010
0.805000	-0.553440
0.806000	-0.551794
0.807000	-0.550071
0.808000	-0.548272
0.809000	-0.546397
0.810000	-0.544447
0.811000	-0.542422
0.812000	-0.540323
0.813000	-0.538149
0.814000	-0.535902
0.815000	-0.533581
0.816000	-0.531188
0.817000	-0.528722
0.818000	-0.526184
0.819000	-0.523575
0.820000	-0.520894
0.821000	-0.518143
0.822000	-0.515322
0.823000	-0.512432
0.824000	-0.509472
0.825000	-0.506444
0.826000	-0.503348
0.827000	-0.500185
0.828000	-0.496955
0.829000	-0.493658
0.830000	-0.490296
0.831000	-0.486868
0.832000	-0.483376
0.833000	-0.479820
0.834000	-0.476200
0.835000	-0.472518
0.836000	-0.468773
0.837000	-0.464967
0.838000	-0.461100
0.839000	-0.457172
0.840000	-0.453185
0.841000	-0.449139
0.842000	-0.445034
0.843000	-0.440872
0.844000	-0.436653
0.845000	-0.432378
0.846000	-0.428047
0.847000	-0.423661
0.848000	-0.419220
0.849000	-0.414727
0.850000	-0.410180
0.851000	-0.405582
0.852000	-0.400932
0.853000	-0.396231
0.854000	-0.391481
0.855000	-0.386681
0.856000	-0.381833
0.857000	-0.376938
0.858000	-0.371996
0.859000	-0.367008
0.860000	-0.361974
0.861000	-0.356896
0.862000	-0.351774
0.863000	-0.346610
0.864000	-0.341403
0.865000	-0.336155
0.866000	-0.330866
0.867000	-0.325538
0.868000	-0.320171
0.869000	-0.314766
0.870000	-0.309324
0.871000	-0.303845
0.872000	-0.298331
0.873000	-0.292782
0.874000	-0.287199
0.875000	-0.281583
0.876000	-0.275935
0.877000	-0.270255
0.878000	-0.264545
0.879000	-0.258806
0.880000	-0.253038
0.881000	-0.247241
0.882000	-0.241418
0.883000	-0.235569
0.884000	-0.229694
0.885000	-0.223795
0.886000	-0.217873
0.887000	-0.211928
0.888000	-0.205961
0.889000	-0.199973
0.890000	-0.193965
0.891000	-0.187938
0.892000	-0.181893
0.893000	-0.175830
0.894000	-0.169752
0.895000	-0.163657
0.896000	-0.157548
0.897000	-0.151425
0.898000	-0.145289
0.899000	-0.139141
0.900000	-0.132982
0.901000	-0.126813
0.902000	-0.120635
0.903000	-0.114448
0.904000	-0.108254
0.905000	-0.102053
0.906000	-0.095847
0.907000	-0.089635
0.908000	-0.083420
0.909000	-0.077201
0.910000	-0.070981
0.911000	-0.064759
0.912000	-0.058537
0.913000	-0.052315
0.914000	-0.046095
0.915000	-0.039877
0.916000	-0.033663
0.917000	-0.027452
0.918000	-0.021246
0.919000	-0.015046
0.920000	-0.008853
0.921000	-0.002668
0.922000	0.003510
0.923000	0.009677
0.924000	0.015835
0.925000	0.021982
0.926000	0.028116
0.927000	0.034238
0.928000	0.040347
0.929000	0.046440
0.930000	0.052519
0.931000	0.058581
0.932000	0.064626
0.933000	0.070654
0.934000	0.076663
0.935000	0.082652
0.936000	0.088621
0.937000	0.094568
0.938000	0.100494
0.939000	0.106397
0.940000	0.112276
0.941000	0.118131
0.942000	0.123961
0.943000	0.129764
0.944000	0.135541
0.945000	0.141290
0.946000	0.147011
0.947000	0.152703
0.948000	0.158365
0.949000	0.163996
0.950000	0.169595
0.951000	0.175163
0.952000	0.180697
0.953000	0.186198
0.954000	0.191664
0.955000	0.197095
0.956000	0.202491
0.957000	0.207849
0.958000	0.213171
0.959000	0.218454
0.960000	0.223698
0.961000	0.228904
0.962000	0.234069
0.963000	0.239193
0.964000	0.244276
0.965000	0.249316
0.966000	0.254314
0.967000	0.259269
0.968000	0.264179
0.969000	0.269045
0.970000	0.273865
0.971000	0.278639
0.972000	0.283367
0.973000	0.288048
0.974000	0.292680
0.975000	0.297265
0.976000	0.301800
0.977000	0.306286
0.978000	0.310721
0.979000	0.315106
0.980000	0.319440
0.981000	0.323722
0.982000	0.327952
0.983000	0.332128
0.984000	0.336252
0.985000	0.340321
0.986000	0.344336
0.987000	0.348297
0.988000	0.352201
0.989000	0.356050
0.990000	0.359843
0.991000	0.363579
0.992000	0.367258
0.993000	0.370879
0.994000	0.374441
0.995000	0.377946
0.996000	0.381391
0.997000	0.384777
0.998000	0.388103
0.999000	0.391369
1.000000	0.394575
1.001000	0.397720
1.002000	0.400803
1.003000	0.403825
1.004000	0.406784
1.005000	0.409682
1.006000	0.412517
1.007000	0.415289
1.008000	0.417997
1.009000	0.420643
1.010000	0.423224
1.011000	0.425741
1.012000	0.428194
1.013000	0.430582
1.014000	0.432906
1.015000	0.435164
1.016000	0.437357
1.017000	0.439484
1.018000	0.441546
1.019000	0.443541
1.020000	0.445471
1.021000	0.447334
1.022000	0.449130
1.023000	0.450860
1.024000	0.452523
1.025000	0.454119
1.026000	0.455648
1.027000	0.457110
1.028000	0.458504
1.029000	0.459831
1.030000	0.461091
1.031000	0.462282
1.032000	0.463406
1.033000	0.464463
1.034000	0.465451
1.035000	0.466372
1.036000	0.467225
1.037000	0.468009
1.038000	0.468726
1.039000	0.469375
1.040000	0.469956
1.041000	0.470470
1.042000	0.470915
1.043000	0.471292
1.044000	0.471602
1.045000	0.471843
1.046000	0.472018
1.047000	0.472124
1.048000	0.472163
1.049000	0.472134
1.050000	0.472038
1.051000	0.471875
1.052000	0.471645
1.053000	0.471348
1.054000	0.470984
1.055000	0.470553
1.056000	0.470055
1.057000	0.469491
1.058000	0.468861
1.059000	0.468165
1.060000	0.467403
1.061000	0.466576
1.062000	0.465683
1.063000	0.464725
1.064000	0.463702
1.065000	0.462614
1.066000	0.461461
1.067000	0.460245
1.068000	0.458964
1.069000	0.457620
1.070000	0.456212
1.071000	0.454741
1.072000	0.453208
1.073000	0.451612
1.074000	0.449953
1.075000	0.448233
1.076000	0.446451
1.077000	0.444609
1.078000	0.442705
1.079000	0.440741
1.080000	0.438716
1.081000	0.436632
1.082000	0.434489
1.083000	0.432286
1.084000	0.430025
1.085000	0.427706
1.086000	0.425330
1.087000	0.422895
1.088000	0.420404
1.089000	0.417857
1.090000	0.415253
1.091000	0.412594
1.092000	0.409880
1.093000	0.407111
1.094000	0.404288
1.095000	0.401411
1.096000	0.398481
1.097000	0.395499
1.098000	0.392464
1.099000	0.389377
1.100000	0.386240
1.101000	0.383051
1.102000	0.379813
1.103000	0.376525
1.104000	0.373188
1.105000	0.369802
1.106000	0.366368
1.107000	0.362888
1.108000	0.359360
1.109000	0.355786
1.110000	0.352166
1.111000	0.348501
1.112000	0.344792
1.113000	0.341038
1.114000	0.337242
1.115000	0.333402
1.116000	0.329521
1.117000	0.325598
1.118000	0.321634
1.119000	0.317630
1.120000	0.313586
1.121000	0.309503
1.122000	0.305382
1.123000	0.301223
1.124000	0.297027
1.125000	0.292795
1.126000	0.288527
1.127000	0.284224
1.128000	0.279886
1.129000	0.275515
1.130000	0.271111
1.131000	0.266674
1.132000	0.262205
1.133000	0.257706
1.134000	0.253176
1.135000	0.248616
1.136000	0.244027
1.137000	0.239410
1.138000	0.234766
1.139000	0.230094
1.140000	0.225397
1.141000	0.220674
1.142000	0.215926
1.143000	0.211154
1.144000	0.206359
1.145000	0.201541
1.146000	0.196701
1.147000	0.191840
1.148000	0.186959
1.149000	0.182058
1.150000	0.177138
1.151000	0.172200
1.152000	0.167244
1.153000	0.162271
1.154000	0.157283
1.155000	0.152279
1.156000	0.147260
1.157000	0.142228
1.158000	0.137182
1.159000	0.132124
1.160000	0.127054
1.161000	0.121974
1.162000	0.116883
1.163000	0.111783
1.164000	0.106674
1.165000	0.101558
1.166000	0.096434
1.167000	0.091303
1.168000	0.086167
1.169000	0.081026
1.170000	0.075881
1.171000	0.070732
1.172000	0.065581
1.173000	0.060427
1.174000	0.055272
1.175000	0.050117
1.176000	0.044962
1.177000	0.039808
1.178000	0.034655
1.179000	0.029505
1.180000	0.024358
1.181000	0.019215
1.182000	0.014077
1.183000	0.008944
1.184000	0.003817
1.185000	-0.001304
1.186000	-0.006416
1.187000	-0.011521
1.188000	-0.016617
1.189000	-0.021703
1.190000	-0.026778
1.191000	-0.031843
1.192000	-0.036896
1.193000	-0.041936
1.194000	-0.046963
1.195000	-0.051977
1.196000	-0.056975
1.197000	-0.061959
1.198000	-0.066926
1.199000	-0.071877
1.200000	-0.076810
1.201000	-0.081726
1.202000	-0.086623
1.203000	-0.091500
1.204000	-0.096358
1.205000	-0.101194
1.206000	-0.106010
1.207000	-0.110803
1.208000	-0.115574
1.209000	-0.120321
1.210000	-0.125045
1.211000	-0.129744
1.212000	-0.134417
1.213000	-0.139065
1.214000	-0.143686
1.215000	-0.148280
1.216000	-0.152847
1.217000	-0.157385
1.218000	-0.161894
1.219000	-0.166374
1.220000	-0.170823
1.221000	-0.175242
1.222000	-0.179629
1.223000	-0.183985
1.224000	-0.188308
1.225000	-0.192598
1.226000	-0.196854
1.227000	-0.201076
1.228000	-0.205264
1.229000	-0.209416
1.230000	-0.213532
1.231000	-0.217612
1.232000	-0.221655
1.233000	-0.225661
1.234000	-0.229629
1.235000	-0.233558
1.236000	-0.237448
1.237000	-0.241299
1.238000	-0.245110
1.239000	-0.248881
1.240000	-0.252610
1.241000	-0.256298
1.242000	-0.259945
1.243000	-0.263549
1.244000	-0.267110
1.245000	-0.270628
1.246000	-0.274102
1.247000	-0.277533
1.248000	-0.280919
1.249000	-0.284259
1.250000	-0.287555
1.251000	-0.290805
1.252000	-0.294008
1.253000	-0.297165
1.254000	-0.300276
1.255000	-0.303338
1.256000	-0.306353
1.257000	-0.309321
1.258000	-0.312239
1.259000	-0.315109
1.260000	-0.317930
1.261000	-0.320702
1.262000	-0.323423
1.263000	-0.326095
1.264000	-0.328716
1.265000	-0.331287
1.266000	-0.333807
1.267000	-0.336275
1.268000	-0.338692
1.269000	-0.341057
1.270000	-0.343370
1.271000	-0.345631
1.272000	-0.347839
1.273000	-0.349995
1.274000	-0.352097
1.275000	-0.354146
1.276000	-0.356142
1.277000	-0.358083
1.278000	-0.359971
1.279000	-0.361805
1.280000	-0.363585
1.281000	-0.365310
1.282000	-0.366981
1.283000	-0.368596
1.284000	-0.370157
1.285000	-0.371663
1.286000	-0.373114
1.287000	-0.374509
1.288000	-0.375849
1.289000	-0.377133
1.290000	-0.378362
1.291000	-0.379535
1.292000	-0.380651
1.293000	-0.381712
1.294000	-0.382718
1.295000	-0.383666
1.296000	-0.384559
1.297000	-0.385396
1.298000	-0.386176
1.299000	-0.386901
1.300000	-0.387568
1.301000	-0.388180
1.302000	-0.388735
1.303000	-0.389235
1.304000	-0.389677
1.305000	-0.390064
1.306000	-0.390394
1.307000	-0.390668
1.308000	-0.390886
1.309000	-0.391048
1.310000	-0.391154
1.311000	-0.391204
1.312000	-0.391197
1.313000	-0.391135
1.314000	-0.391018
1.315000	-0.390844
1.316000	-0.390615
1.317000	-0.390331
1.318000	-0.389991
1.319000	-0.389597
1.320000	-0.389147
1.321000	-0.388642
1.322000	-0.388082
1.323000	-0.387468
1.324000	-0.386799
1.325000	-0.386077
1.326000	-0.385300
1.327000	-0.384469
1.328000	-0.383584
1.329000	-0.382646
1.330000	-0.381655
1.331000	-0.380610
1.332000	-0.379513
1.333000	-0.378363
1.334000	-0.377161
1.335000	-0.375907
1.336000	-0.374600
1.337000	-0.373242
1.338000	-0.371833
1.339000	-0.370373
1.340000	-0.368862
1.341000	-0.367300
1.342000	-0.365689
1.343000	-0.364027
1.344000	-0.362316
1.345000	-0.360555
1.346000	-0.358746
1.347000	-0.356888
1.348000	-0.354981
1.349000	-0.353027
1.350000	-0.351025
1.351000	-0.348976
1.352000	-0.346880
1.353000	-0.344737
1.354000	-0.342548
1.355000	-0.340314
1.356000	-0.338034
1.357000	-0.335709
1.358000	-0.333339
1.359000	-0.330925
1.360000	-0.328468
1.361000	-0.325967
1.362000	-0.323423
1.363000	-0.320836
1.364000	-0.318208
1.365000	-0.315538
1.366000	-0.312826
1.367000	-0.310074
1.368000	-0.307281
1.369000	-0.304449
1.370000	-0.301577
1.371000	-0.298666
1.372000	-0.295717
1.373000	-0.292729
1.374000	-0.289705
1.375000	-0.286643
1.376000	-0.283544
1.377000	-0.280410
1.378000	-0.277240
1.379000	-0.274035
1.380000	-0.270795
1.381000	-0.267521
1.382000	-0.264214
1.383000	-0.260874
1.384000	-0.257501
1.385000	-0.254097
1.386000	-0.250661
1.387000	-0.247194
1.388000	-0.243696
1.389000	-0.240169
1.390000	-0.236613
1.391000	-0.233028
1.392000	-0.229415
1.393000	-0.225774
1.394000	-0.222107
1.395000	-0.218412
1.396000	-0.214692
1.397000	-0.210947
1.398000	-0.207176
1.399000	-0.203382
1.400000	-0.199564
1.401000	-0.195723
1.402000	-0.191859
1.403000	-0.187974
1.404000	-0.184067
1.405000	-0.180140
1.406000	-0.176192
1.407000	-0.172225
1.408000	-0.168239
1.409000	-0.164235
1.410000	-0.160213
1.411000	-0.156174
1.412000	-0.152118
1.413000	-0.148047
1.414000	-0.143960
1.415000	-0.139858
1.416000	-0.135742
1.417000	-0.131613
1.418000	-0.127471
1.419000	-0.123317
1.420000	-0.119151
1.421000	-0.114973
1.422000	-0.110786
1.423000	-0.106588
1.424000	-0.102382
1.425000	-0.098166
1.426000	-0.093943
1.427000	-0.089712
1.428000	-0.085475
1.429000	-0.081231
1.430000	-0.076982
1.431000	-0.072728
1.432000	-0.068470
1.433000	-0.064208
1.434000	-0.059943
1.435000	-0.055675
1.436000	-0.051406
1.437000	-0.047135
1.438000	-0.042864
1.439000	-0.038592
1.440000	-0.034322
1.441000	-0.030052
1.442000	-0.025784
1.443000	-0.021519
1.444000	-0.017257
1.445000	-0.012998
1.446000	-0.008744
1.447000	-0.004494
1.448000	-0.000250
1.449000	0.003989
1.450000	0.008220
1.451000	0.012444
1.452000	0.016661
1.453000	0.020869
1.454000	0.025068
1.455000	0.029258
1.456000	0.033437
1.457000	0.037606
1.458000	0.041764
1.459000	0.045909
1.460000	0.050042
1.461000	0.054162
1.462000	0.058268
1.463000	0.062361
1.464000	0.066438
1.465000	0.070500
1.466000	0.074546
1.467000	0.078576
1.468000	0.082589
1.469000	0.086584
1.470000	0.090562
1.471000	0.094520
1.472000	0.098460
1.473000	0.102380
1.474000	0.106280
1.475000	0.110158
1.476000	0.114016
1.477000	0.117852
1.478000	0.121666
1.479000	0.125456
1.480000	0.129224
1.481000	0.132967
1.482000	0.136687
1.483000	0.140381
1.484000	0.144050
1.485000	0.147694
1.486000	0.151311
1.487000	0.154901
1.488000	0.158464
1.489000	0.161999
1.490000	0.165506
1.491000	0.168985
1.492000	0.172434
1.493000	0.175854
1.494000	0.179244
1.495000	0.182604
1.496000	0.185932
1.497000	0.189230
1.498000	0.192495
1.499000	0.195729
1.500000	0.198930
1.501000	0.202098
1.502000	0.205232
1.503000	0.208333
1.504000	0.211400
1.505000	0.214432
1.506000	0.217429
1.507000	0.220391
1.508000	0.223317
1.509000	0.226207
1.510000	0.229061
1.511000	0.231878
1.512000	0.234657
1.513000	0.237400
1.514000	0.240104
1.515000	0.242770
1.516000	0.245398
1.517000	0.247987
1.518000	0.250538
1.519000	0.253048
1.520000	0.255519
1.521000	0.257950
1.522000	0.260340
1.523000	0.262691
1.524000	0.265000
1.525000	0.267268
1.526000	0.269494
1.527000	0.271679
1.528000	0.273822
1.529000	0.275923
1.530000	0.277982
1.531000	0.279998
1.532000	0.281971
1.533000	0.283901
1.534000	0.285788
1.535000	0.287631
1.536000	0.289431
1.537000	0.291186
1.538000	0.292898
1.539000	0.294565
1.540000	0.296188
1.541000	0.297766
1.542000	0.299300
1.543000	0.300788
1.544000	0.302232
1.545000	0.303630
1.546000	0.304983
1.547000	0.306291
1.548000	0.307553
1.549000	0.308769
1.550000	0.309940
1.551000	0.311064
1.552000	0.312143
1.553000	0.313175
1.554000	0.314161
1.555000	0.315101
1.556000	0.315995
1.557000	0.316842
1.558000	0.317643
1.559000	0.318397
1.560000	0.319105
1.561000	0.319766
1.562000	0.320381
1.563000	0.320949
1.564000	0.321470
1.565000	0.321945
1.566000	0.322373
1.567000	0.322755
1.568000	0.323090
1.569000	0.323378
1.570000	0.323620
1.571000	0.323815
1.572000	0.323963
1.573000	0.324066
1.574000	0.324121
1.575000	0.324131
1.576000	0.324094
1.577000	0.324011
1.578000	0.323882
1.579000	0.323706
1.580000	0.323485
1.581000	0.323218
1.582000	0.322905
1.583000	0.322547
1.584000	0.322143
1.585000	0.321693
1.586000	0.321199
1.587000	0.320659
1.588000	0.320074
1.589000	0.319444
1.590000	0.318770
1.591000	0.318051
1.592000	0.317288
1.593000	0.316480
1.594000	0.315628
1.595000	0.314733
1.596000	0.313794
1.597000	0.312811
1.598000	0.311786
1.599000	0.310717
1.600000	0.309605
1.601000	0.308451
1.602000	0.307254
1.603000	0.306015
1.604000	0.304735
1.605000	0.303412
1.606000	0.302049
1.607000	0.300644
1.608000	0.299198
1.609000	0.297711
1.610000	0.296184
1.611000	0.294617
1.612000	0.293010
1.613000	0.291364
1.614000	0.289678
1.615000	0.287954
1.616000	0.286190
1.617000	0.284389
1.618000	0.282549
1.619000	0.280672
1.620000	0.278757
1.621000	0.276806
1.622000	0.274817
1.623000	0.272792
1.624000	0.270731
1.625000	0.268635
1.626000	0.266503
1.627000	0.264336
1.628000	0.262134
1.629000	0.259898
1.630000	0.257628
1.631000	0.255325
1.632000	0.252989
1.633000	0.250619
1.634000	0.248218
1.635000	0.245784
1.636000	0.243319
1.637000	0.240822
1.638000	0.238295
1.639000	0.235737
1.640000	0.233149
1.641000	0.230532
1.642000	0.227886
1.643000	0.225210
1.644000	0.222507
1.645000	0.219775
1.646000	0.217016
1.647000	0.214230
1.648000	0.211418
1.649000	0.208579
1.650000	0.205714
1.651000	0.202825
1.652000	0.199910
1.653000	0.196971
1.654000	0.194008
1.655000	0.191022
1.656000	0.188012
1.657000	0.184980
1.658000	0.181926
1.659000	0.178851
1.660000	0.175754
1.661000	0.172637
1.662000	0.169499
1.663000	0.166342
1.664000	0.163165
1.665000	0.159970
1.666000	0.156756
1.667000	0.153525
1.668000	0.150276
1.669000	0.147011
1.670000	0.143729
1.671000	0.140431
1.672000	0.137118
1.673000	0.133790
1.674000	0.130448
1.675000	0.127092
1.676000	0.123723
1.677000	0.120340
1.678000	0.116946
1.679000	0.113539
1.680000	0.110121
1.681000	0.106693
1.682000	0.103254
1.683000	0.099805
1.684000	0.096347
1.685000	0.092880
1.686000	0.089405
1.687000	0.085922
1.688000	0.082431
1.689000	0.078934
1.690000	0.075431
1.691000	0.071921
1.692000	0.068407
1.693000	0.064888
1.694000	0.061364
1.695000	0.057837
1.696000	0.054307
1.697000	0.050774
1.698000	0.047238
1.699000	0.043701
1.700000	0.040163
1.701000	0.036624
1.702000	0.033085
1.703000	0.029547
1.704000	0.026009
1.705000	0.022472
1.706000	0.018938
1.707000	0.015405
1.708000	0.011876
1.709000	0.008349
1.710000	0.004827
1.711000	0.001309
1.712000	-0.002204
1.713000	-0.005712
1.714000	-0.009214
1.715000	-0.012710
1.716000	-0.016198
1.717000	-0.019680
1.718000	-0.023154
1.719000	-0.026619
1.720000	-0.030076
1.721000	-0.033524
1.722000	-0.036962
1.723000	-0.040389
1.724000	-0.043806
1.725000	-0.047212
1.726000	-0.050606
1.727000	-0.053989
1.728000	-0.057358
1.729000	-0.060715
1.730000	-0.064058
1.731000	-0.067388
1.732000	-0.070702
1.733000	-0.074003
1.734000	-0.077287
1.735000	-0.080557
1.736000	-0.083809
1.737000	-0.087046
1.738000	-0.090265
1.739000	-0.093467
1.740000	-0.096651
1.741000	-0.099816
1.742000	-0.102963
1.743000	-0.106091
1.744000	-0.109199
1.745000	-0.112287
1.746000	-0.115354
1.747000	-0.118401
1.748000	-0.121426
1.749000	-0.124430
1.750000	-0.127412
1.751000	-0.130371
1.752000	-0.133307
1.753000	-0.136221
1.754000	-0.139110
1.755000	-0.141976
1.756000	-0.144817
1.757000	-0.147634
1.758000	-0.150425
1.759000	-0.153191
1.760000	-0.155931
1.761000	-0.158645
1.762000	-0.161333
1.763000	-0.163993
1.764000	-0.166627
1.765000	-0.169232
1.766000	-0.171810
1.767000	-0.174360
1.768000	-0.176881
1.769000	-0.179374
1.770000	-0.181837
1.771000	-0.184271
1.772000	-0.186675
1.773000	-0.189049
1.774000	-0.191392
1.775000	-0.193705
1.776000	-0.195987
1.777000	-0.198237
1.778000	-0.200457
1.779000	-0.202644
1.780000	-0.204799
1.781000	-0.206922
1.782000	-0.209013
1.783000	-0.211070
1.784000	-0.213095
1.785000	-0.215086
1.786000	-0.217044
1.787000	-0.218967
1.788000	-0.220857
1.789000	-0.222713
1.790000	-0.224534
1.791000	-0.226321
1.792000	-0.228072
1.793000	-0.229789
1.794000	-0.231471
1.795000	-0.233116
1.796000	-0.234727
1.797000	-0.236301
1.798000	-0.237840
1.799000	-0.239342
1.800000	-0.240808
1.801000	-0.242238
1.802000	-0.243631
1.803000	-0.244987
1.804000	-0.246306
1.805000	-0.247589
1.806000	-0.248834
1.807000	-0.250041
1.808000	-0.251212
1.809000	-0.252345
1.810000	-0.253440
1.811000	-0.254497
1.812000	-0.255517
1.813000	-0.256498
1.814000	-0.257442
1.815000	-0.258348
1.816000	-0.259215
1.817000	-0.260044
1.818000	-0.260835
1.819000	-0.261587
1.820000	-0.262302
1.821000	-0.262977
1.822000	-0.263614
1.823000	-0.264213
1.824000	-0.264773
1.825000	-0.265294
1.826000	-0.265777
1.827000	-0.266221
1.828000	-0.266626
1.829000	-0.266993
1.830000	-0.267321
1.831000	-0.267611
1.832000	-0.267862
1.833000	-0.268074
1.834000	-0.268248
1.835000	-0.268383
1.836000	-0.268480
1.837000	-0.268538
1.838000	-0.268558
1.839000	-0.268540
1.840000	-0.268483
1.841000	-0.268388
1.842000	-0.268255
1.843000	-0.268083
1.844000	-0.267874
1.845000	-0.267627
1.846000	-0.267341
1.847000	-0.267018
1.848000	-0.266658
1.849000	-0.266260
1.850000	-0.265824
1.851000	-0.265351
1.852000	-0.264841
1.853000	-0.264294
1.854000	-0.263710
1.855000	-0.263089
1.856000	-0.262431
1.857000	-0.261737
1.858000	-0.261007
1.859000	-0.260240
1.860000	-0.259437
1.861000	-0.258598
1.862000	-0.257724
1.863000	-0.256814
1.864000	-0.255869
1.865000	-0.254888
1.866000	-0.253873
1.867000	-0.252823
1.868000	-0.251738
1.869000	-0.250618
1.870000	-0.249465
1.871000	-0.248278
1.872000	-0.247057
1.873000	-0.245802
1.874000	-0.244514
1.875000	-0.243193
1.876000	-0.241839
1.877000	-0.240453
1.878000	-0.239034
1.879000	-0.237583
1.880000	-0.236100
1.881000	-0.234586
1.882000	-0.233040
1.883000	-0.231464
1.884000	-0.229856
1.885000	-0.228218
1.886000	-0.226550
1.887000	-0.224852
1.888000	-0.223124
1.889000	-0.221366
1.890000	-0.219580
1.891000	-0.217765
1.892000	-0.215921
1.893000	-0.214049
1.894000	-0.212150
1.895000	-0.210222
1.896000	-0.208268
1.897000	-0.206286
1.898000	-0.204278
1.899000	-0.202244
1.900000	-0.200183
1.901000	-0.198097
1.902000	-0.195986
1.903000	-0.193850
1.904000	-0.191689
1.905000	-0.189503
1.906000	-0.187294
1.907000	-0.185062
1.908000	-0.182806
1.909000	-0.180527
1.910000	-0.178225
1.911000	-0.175902
1.912000	-0.173557
1.913000	-0.171190
1.914000	-0.168802
1.915000	-0.166394
1.916000	-0.163965
1.917000	-0.161516
1.918000	-0.159048
1.919000	-0.156560
1.920000	-0.154054
1.921000	-0.151529
1.922000	-0.148987
1.923000	-0.146426
1.924000	-0.143849
1.925000	-0.141254
1.926000	-0.138643
1.927000	-0.136017
1.928000	-0.133374
1.929000	-0.130716
1.930000	-0.128043
1.931000	-0.125356
1.932000	-0.122655
1.933000	-0.119940
1.934000	-0.117212
1.935000	-0.114470
1.936000	-0.111717
1.937000	-0.108952
1.938000	-0.106174
1.939000	-0.103386
1.940000	-0.100587
1.941000	-0.097778
1.942000	-0.094958
1.943000	-0.092129
1.944000	-0.089291
1.945000	-0.086445
1.946000	-0.083590
1.947000	-0.080727
1.948000	-0.077857
1.949000	-0.074979
1.950000	-0.072095
1.951000	-0.069205
1.952000	-0.066310
1.953000	-0.063408
1.954000	-0.060502
1.955000	-0.057592
1.956000	-0.054677
1.957000	-0.051759
1.958000	-0.048837
1.959000	-0.045913
1.960000	-0.042986
1.961000	-0.040058
1.962000	-0.037128
1.963000	-0.034196
1.964000	-0.031264
1.965000	-0.028332
1.966000	-0.025400
1.967000	-0.022469
1.968000	-0.019538
1.969000	-0.016609
1.970000	-0.013681
1.971000	-0.010756
1.972000	-0.007834
1.973000	-0.004914
1.974000	-0.001998
1.975000	0.000914
1.976000	0.003822
1.977000	0.006725
1.978000	0.009623
1.979000	0.012515
1.980000	0.015402
1.981000	0.018282
1.982000	0.021156
1.983000	0.024022
1.984000	0.026881
1.985000	0.029732
1.986000	0.032575
1.987000	0.035409
1.988000	0.038233
1.989000	0.041049
1.990000	0.043854
1.991000	0.046649
1.992000	0.049434
1.993000	0.052208
1.994000	0.054970
1.995000	0.057720
1.996000	0.060458
1.997000	0.063184
1.998000	0.065897
1.999000	0.068596
2.000000	0.071282
2.001000	0.073954
2.002000	0.076611
2.003000	0.079254
2.004000	0.081881
2.005000	0.084493
2.006000	0.087090
2.007000	0.089670
2.008000	0.092234
2.009000	0.094781
2.010000	0.097311
2.011000	0.099823
2.012000	0.102317
2.013000	0.104793
2.014000	0.107251
2.015000	0.109690
2.016000	0.112110
2.017000	0.114510
2.018000	0.116891
2.019000	0.119251
2.020000	0.121591
2.021000	0.123911
2.022000	0.126209
2.023000	0.128486
2.024000	0.130742
2.025000	0.132975
2.026000	0.135187
2.027000	0.137376
2.028000	0.139542
2.029000	0.141685
2.030000	0.143805
2.031000	0.145901
2.032000	0.147974
2.033000	0.150023
2.034000	0.152047
2.035000	0.154046
2.036000	0.156021
2.037000	0.157971
2.038000	0.159895
2.039000	0.161794
2.040000	0.163666
2.041000	0.165513
2.042000	0.167334
2.043000	0.169128
2.044000	0.170895
2.045000	0.172636
2.046000	0.174349
2.047000	0.176035
2.048000	0.177694
2.049000	0.179324
2.050000	0.180927
2.051000	0.182502
2.052000	0.184048
2.053000	0.185566
2.054000	0.187056
2.055000	0.188516
2.056000	0.189947
2.057000	0.191350
2.058000	0.192723
2.059000	0.194066
2.060000	0.195380
2.061000	0.196664
2.062000	0.197918
2.063000	0.199142
2.064000	0.200336
2.065000	0.201500
2.066000	0.202633
2.067000	0.203736
2.068000	0.204808
2.069000	0.205849
2.070000	0.206860
2.071000	0.207839
2.072000	0.208788
2.073000	0.209705
2.074000	0.210591
2.075000	0.211445
2.076000	0.212269
2.077000	0.213060
2.078000	0.213820
2.079000	0.214549
2.080000	0.215246
2.081000	0.215911
2.082000	0.216545
2.083000	0.217146
2.084000	0.217716
2.085000	0.218254
2.086000	0.218760
2.087000	0.219234
2.088000	0.219676
2.089000	0.220086
2.090000	0.220464
2.091000	0.220810
2.092000	0.221124
2.093000	0.221406
2.094000	0.221656
2.095000	0.221874
2.096000	0.222060
2.097000	0.222214
2.098000	0.222336
2.099000	0.222426
2.100000	0.222484
2.101000	0.222511
2.102000	0.222505
2.103000	0.222468
2.104000	0.222399
2.105000	0.222299
2.106000	0.222167
2.107000	0.222003
2.108000	0.221808
2.109000	0.221582
2.110000	0.221324
2.111000	0.221035
2.112000	0.220715
2.113000	0.220363
2.114000	0.219981
2.115000	0.219568
2.116000	0.219125
2.117000	0.218650
2.118000	0.218145
2.119000	0.217610
2.120000	0.217044
2.121000	0.216448
2.122000	0.215823
2.123000	0.215167
2.124000	0.214481
2.125000	0.213766
2.126000	0.213021
2.127000	0.212247
2.128000	0.211444
2.129000	0.210612
2.130000	0.209751
2.131000	0.208861
2.132000	0.207942
2.133000	0.206995
2.134000	0.206020
2.135000	0.205017
2.136000	0.203987
2.137000	0.202928
2.138000	0.201842
2.139000	0.200729
2.140000	0.199589
2.141000	0.198422
2.142000	0.197228
2.143000	0.196007
2.144000	0.194761
2.145000	0.193488
2.146000	0.192190
2.147000	0.190866
2.148000	0.189517
2.149000	0.188143
2.150000	0.186743
2.151000	0.185319
2.152000	0.183871
2.153000	0.182398
2.154000	0.180902
2.155000	0.179382
2.156000	0.177838
2.157000	0.176271
2.158000	0.174682
2.159000	0.173069
2.160000	0.171434
2.161000	0.169777
2.162000	0.168099
2.163000	0.166398
2.164000	0.164676
2.165000	0.162934
2.166000	0.161170
2.167000	0.159386
2.168000	0.157582
2.169000	0.155758
2.170000	0.153914
2.171000	0.152051
2.172000	0.150168
2.173000	0.148268
2.174000	0.146348
2.175000	0.144411
2.176000	0.142455
2.177000	0.140482
2.178000	0.138492
2.179000	0.136485
2.180000	0.134461
2.181000	0.132421
2.182000	0.130365
2.183000	0.128293
2.184000	0.126206
2.185000	0.124104
2.186000	0.121988
2.187000	0.119856
2.188000	0.117711
2.189000	0.115552
2.190000	0.113380
2.191000	0.111194
2.192000	0.108996
2.193000	0.106785
2.194000	0.104562
2.195000	0.102328
2.196000	0.100082
2.197000	0.097825
2.198000	0.095557
2.199000	0.093279
2.200000	0.090991
2.201000	0.088693
2.202000	0.086385
2.203000	0.084069
2.204000	0.081744
2.205000	0.079411
2.206000	0.077069
2.207000	0.074720
2.208000	0.072364
2.209000	0.070000
2.210000	0.067630
2.211000	0.065254
2.212000	0.062872
2.213000	0.060484
2.214000	0.058091
2.215000	0.055693
2.216000	0.053291
2.217000	0.050884
2.218000	0.048474
2.219000	0.046060
2.220000	0.043643
2.221000	0.041223
2.222000	0.038801
2.223000	0.036377
2.224000	0.033951
2.225000	0.031523
2.226000	0.029095
2.227000	0.026666
2.228000	0.024236
2.229000	0.021807
2.230000	0.019378
2.231000	0.016949
2.232000	0.014522
2.233000	0.012096
2.234000	0.009672
2.235000	0.007250
2.236000	0.004830
2.237000	0.002413
2.238000	-0.000001
2.239000	-0.002411
2.240000	-0.004818
2.241000	-0.007220
2.242000	-0.009618
2.243000	-0.012012
2.244000	-0.014400
2.245000	-0.016782
2.246000	-0.019159
2.247000	-0.021530
2.248000	-0.023894
2.249000	-0.026252
2.250000	-0.028602
2.251000	-0.030945
2.252000	-0.033280
2.253000	-0.035607
2.254000	-0.037926
2.255000	-0.040236
2.256000	-0.042537
2.257000	-0.044828
2.258000	-0.047110
2.259000	-0.049382
2.260000	-0.051644
2.261000	-0.053895
2.262000	-0.056135
2.263000	-0.058364
2.264000	-0.060581
2.265000	-0.062786
2.266000	-0.064980
2.267000	-0.067161
2.268000	-0.069329
2.269000	-0.071485
2.270000	-0.073627
2.271000	-0.075755
2.272000	-0.077870
2.273000	-0.079970
2.274000	-0.082056
2.275000	-0.084128
2.276000	-0.086184
2.277000	-0.088225
2.278000	-0.090251
2.279000	-0.092261
2.280000	-0.094255
2.281000	-0.096232
2.282000	-0.098193
2.283000	-0.100138
2.284000	-0.102065
2.285000	-0.103974
2.286000	-0.105867
2.287000	-0.107741
2.288000	-0.109597
2.289000	-0.111435
2.290000	-0.113255
2.291000	-0.115056
2.292000	-0.116838
2.293000	-0.118600
2.294000	-0.120343
2.295000	-0.122067
2.296000	-0.123770
2.297000	-0.125454
2.298000	-0.127117
2.299000	-0.128759
2.300000	-0.130381
2.301000	-0.131982
2.302000	-0.133562
2.303000	-0.135120
2.304000	-0.136657
2.305000	-0.138173
2.306000	-0.139666
2.307000	-0.141137
2.308000	-0.142587
2.309000	-0.144013
2.310000	-0.145417
2.311000	-0.146799
2.312000	-0.148157
2.313000	-0.149492
2.314000	-0.150804
2.315000	-0.152093
2.316000	-0.153358
2.317000	-0.154599
2.318000	-0.155817
2.319000	-0.157010
2.320000	-0.158180
2.321000	-0.159325
2.322000	-0.160446
2.323000	-0.161542
2.324000	-0.162614
2.325000	-0.163661
2.326000	-0.164683
2.327000	-0.165680
2.328000	-0.166652
2.329000	-0.167599
2.330000	-0.168520
2.331000	-0.169417
2.332000	-0.170287
2.333000	-0.171133
2.334000	-0.171952
2.335000	-0.172746
2.336000	-0.173514
2.337000	-0.174256
2.338000	-0.174972
2.339000	-0.175663
2.340000	-0.176327
2.341000	-0.176965
2.342000	-0.177577
2.343000	-0.178162
2.344000	-0.178722
2.345000	-0.179255
2.346000	-0.179762
2.347000	-0.180242
2.348000	-0.180696
2.349000	-0.181123
2.350000	-0.181524
2.351000	-0.181899
2.352000	-0.182247
2.353000	-0.182569
2.354000	-0.182863
2.355000	-0.183132
2.356000	-0.183374
2.357000	-0.183589
2.358000	-0.183778
2.359000	-0.183941
2.360000	-0.184077
2.361000	-0.184186
2.362000	-0.184269
2.363000	-0.184326
2.364000	-0.184356
2.365000	-0.184359
2.366000	-0.184337
2.367000	-0.184288
2.368000	-0.184213
2.369000	-0.184112
2.370000	-0.183985
2.371000	-0.183831
2.372000	-0.183652
2.373000	-0.183446
2.374000	-0.183215
2.375000	-0.182958
2.376000	-0.182675
2.377000	-0.182366
2.378000	-0.182032
2.379000	-0.181672
2.380000	-0.181287
2.381000	-0.180877
2.382000	-0.180441
2.383000	-0.179980
2.384000	-0.179495
2.385000	-0.178984
2.386000	-0.178448
2.387000	-0.177888
2.388000	-0.177303
2.389000	-0.176694
2.390000	-0.176060
2.391000	-0.175402
2.392000	-0.174720
2.393000	-0.174014
2.394000	-0.173284
2.395000	-0.172530
2.396000	-0.171753
2.397000	-0.170953
2.398000	-0.170129
2.399000	-0.169282
2.400000	-0.168412
2.401000	-0.167520
2.402000	-0.166604
2.403000	-0.165667
2.404000	-0.164707
2.405000	-0.163724
2.406000	-0.162720
2.407000	-0.161694
2.408000	-0.160647
2.409000	-0.159578
2.410000	-0.158487
2.411000	-0.157376
2.412000	-0.156244
2.413000	-0.155091
2.414000	-0.153917
2.415000	-0.152724
2.416000	-0.151510
2.417000	-0.150276
2.418000	-0.149023
2.419000	-0.147750
2.420000	-0.146458
2.421000	-0.145146
2.422000	-0.143816
2.423000	-0.142468
2.424000	-0.141101
2.425000	-0.139715
2.426000	-0.138312
2.427000	-0.136891
2.428000	-0.135452
2.429000	-0.133997
2.430000	-0.132524
2.431000	-0.131034
2.432000	-0.129528
2.433000	-0.128005
2.434000	-0.126466
2.435000	-0.124912
2.436000	-0.123342
2.437000	-0.121756
2.438000	-0.120156
2.439000	-0.118540
2.440000	-0.116910
2.441000	-0.115265
2.442000	-0.113607
2.443000	-0.111934
2.444000	-0.110248
2.445000	-0.108549
2.446000	-0.106836
2.447000	-0.105111
2.448000	-0.103373
2.449000	-0.101623
2.450000	-0.099861
2.451000	-0.098087
2.452000	-0.096302
2.453000	-0.094506
2.454000	-0.092698
2.455000	-0.090880
2.456000	-0.089052
2.457000	-0.087213
2.458000	-0.085365
2.459000	-0.083507
2.460000	-0.081640
2.461000	-0.079763
2.462000	-0.077879
2.463000	-0.075985
2.464000	-0.074084
2.465000	-0.072174
2.466000	-0.070258
2.467000	-0.068333
2.468000	-0.066402
2.469000	-0.064464
2.470000	-0.062520
2.471000	-0.060569
2.472000	-0.058613
2.473000	-0.056651
2.474000	-0.054684
2.475000	-0.052712
2.476000	-0.050735
2.477000	-0.048753
2.478000	-0.046768
2.479000	-0.044778
2.480000	-0.042786
2.481000	-0.040789
2.482000	-0.038790
2.483000	-0.036789
2.484000	-0.034784
2.485000	-0.032778
2.486000	-0.030770
2.487000	-0.028760
2.488000	-0.026749
2.489000	-0.024738
2.490000	-0.022725
2.491000	-0.020712
2.492000	-0.018699
2.493000	-0.016686
2.494000	-0.014674
2.495000	-0.012663
2.496000	-0.010652
2.497000	-0.008643
2.498000	-0.006636
2.499000	-0.004630
2.500000	-0.002627
2.501000	-0.000626
2.502000	0.001372
2.503000	0.003367
2.504000	0.005358
2.505000	0.007347
2.506000	0.009331
2.507000	0.011311
2.508000	0.013286
2.509000	0.015257
2.510000	0.017223
2.511000	0.019184
2.512000	0.021139
2.513000	0.023088
2.514000	0.025031
2.515000	0.026968
2.516000	0.028898
2.517000	0.030821
2.518000	0.032738
2.519000	0.034646
2.520000	0.036548
2.521000	0.038441
2.522000	0.040326
2.523000	0.042202
2.524000	0.044070
2.525000	0.045929
2.526000	0.047779
2.527000	0.049619
2.528000	0.051449
2.529000	0.053270
2.530000	0.055080
2.531000	0.056880
2.532000	0.058669
2.533000	0.060448
2.534000	0.062215
2.535000	0.063970
2.536000	0.065714
2.537000	0.067447
2.538000	0.069167
2.539000	0.070874
2.540000	0.072570
2.541000	0.074252
2.542000	0.075921
2.543000	0.077578
2.544000	0.079220
2.545000	0.080849
2.546000	0.082465
2.547000	0.084066
2.548000	0.085653
2.549000	0.087225
2.550000	0.088783
2.551000	0.090326
2.552000	0.091853
2.553000	0.093366
2.554000	0.094863
2.555000	0.096344
2.556000	0.097809
2.557000	0.099258
2.558000	0.100691
2.559000	0.102108
2.560000	0.103508
2.561000	0.104891
2.562000	0.106258
2.563000	0.107607
2.564000	0.108939
2.565000	0.110253
2.566000	0.111550
2.567000	0.112829
2.568000	0.114090
2.569000	0.115333
2.570000	0.116558
2.571000	0.117765
2.572000	0.118953
2.573000	0.120122
2.574000	0.121272
2.575000	0.122404
2.576000	0.123516
2.577000	0.124609
2.578000	0.125683
2.579000	0.126737
2.580000	0.127772
2.581000	0.128787
2.582000	0.129782
2.583000	0.130757
2.584000	0.131712
2.585000	0.132647
2.586000	0.133562
2.587000	0.134456
2.588000	0.135330
2.589000	0.136184
2.590000	0.137016
2.591000	0.137828
2.592000	0.138619
2.593000	0.139389
2.594000	0.140139
2.595000	0.140867
2.596000	0.141574
2.597000	0.142259
2.598000	0.142924
2.599000	0.143567
2.600000	0.144188
2.601000	0.144789
2.602000	0.145367
2.603000	0.145924
2.604000	0.146460
2.605000	0.146974
2.606000	0.147466
2.607000	0.147936
2.608000	0.148384
2.609000	0.148811
2.610000	0.149216
2.611000	0.149599
2.612000	0.149960
2.613000	0.150299
2.614000	0.150616
2.615000	0.150912
2.616000	0.151185
2.617000	0.151436
2.618000	0.151665
2.619000	0.151873
2.620000	0.152058
2.621000	0.152222
2.622000	0.152363
2.623000	0.152483
2.624000	0.152580
2.625000	0.152656
2.626000	0.152709
2.627000	0.152741
2.628000	0.152751
2.629000	0.152739
2.630000	0.152706
2.631000	0.152650
2.632000	0.152573
2.633000	0.152475
2.634000	0.152354
2.635000	0.152212
2.636000	0.152049
2.637000	0.151864
2.638000	0.151658
2.639000	0.151430
2.640000	0.151181
2.641000	0.150911
2.642000	0.150619
2.643000	0.150307
2.644000	0.149973
2.645000	0.149619
2.646000	0.149244
2.647000	0.148848
2.648000	0.148431
2.649000	0.147994
2.650000	0.147536
2.651000	0.147057
2.652000	0.146559
2.653000	0.146040
2.654000	0.145501
2.655000	0.144942
2.656000	0.144364
2.657000	0.143765
2.658000	0.143147
2.659000	0.142509
2.660000	0.141852
2.661000	0.141175
2.662000	0.140480
2.663000	0.139765
2.664000	0.139031
2.665000	0.138279
2.666000	0.137508
2.667000	0.136718
2.668000	0.135910
2.669000	0.135084
2.670000	0.134239
2.671000	0.133377
2.672000	0.132497
2.673000	0.131599
2.674000	0.130683
2.675000	0.129751
2.676000	0.128801
2.677000	0.127834
2.678000	0.126850
2.679000	0.125850
2.680000	0.124833
2.681000	0.123799
2.682000	0.122750
2.683000	0.121684
2.684000	0.120603
2.685000	0.119505
2.686000	0.118393
2.687000	0.117265
2.688000	0.116122
2.689000	0.114964
2.690000	0.113791
2.691000	0.112604
2.692000	0.111402
2.693000	0.110186
2.694000	0.108956
2.695000	0.107712
2.696000	0.106455
2.697000	0.105184
2.698000	0.103900
2.699000	0.102603
2.700000	0.101294
2.701000	0.099971
2.702000	0.098637
2.703000	0.097290
2.704000	0.095931
2.705000	0.094560
2.706000	0.093178
2.707000	0.091785
2.708000	0.090380
2.709000	0.088965
2.710000	0.087539
2.711000	0.086102
2.712000	0.084655
2.713000	0.083198
2.714000	0.081732
2.715000	0.080255
2.716000	0.078770
2.717000	0.077275
2.718000	0.075772
2.719000	0.074259
2.720000	0.072739
2.721000	0.071210
2.722000	0.069673
2.723000	0.068128
2.724000	0.066576
2.725000	0.065016
2.726000	0.063450
2.727000	0.061876
2.728000	0.060297
2.729000	0.058710
2.730000	0.057118
2.731000	0.055520
2.732000	0.053916
2.733000	0.052306
2.734000	0.050692
2.735000	0.049072
2.736000	0.047448
2.737000	0.045820
2.738000	0.044187
2.739000	0.042550
2.740000	0.040909
2.741000	0.039265
2.742000	0.037618
2.743000	0.035968
2.744000	0.034315
2.745000	0.032659
2.746000	0.031001
2.747000	0.029341
2.748000	0.027679
2.749000	0.026016
2.750000	0.024351
2.751000	0.022686
2.752000	0.021019
2.753000	0.019352
2.754000	0.017684
2.755000	0.016016
2.756000	0.014348
2.757000	0.012681
2.758000	0.011014
2.759000	0.009348
2.760000	0.007683
2.761000	0.006020
2.762000	0.004357
2.763000	0.002697
2.764000	0.001039
2.765000	-0.000618
2.766000	-0.002271
2.767000	-0.003923
2.768000	-0.005571
2.769000	-0.007216
2.770000	-0.008857
2.771000	-0.010495
2.772000	-0.012130
2.773000	-0.013760
2.774000	-0.015386
2.775000	-0.017007
2.776000	-0.018623
2.777000	-0.020235
2.778000	-0.021841
2.779000	-0.023442
2.780000	-0.025038
2.781000	-0.026627
2.782000	-0.028211
2.783000	-0.029788
2.784000	-0.031359
2.785000	-0.032923
2.786000	-0.034480
2.787000	-0.036029
2.788000	-0.037572
2.789000	-0.039107
2.790000	-0.040634
2.791000	-0.042153
2.792000	-0.043664
2.793000	-0.045167
2.794000	-0.046661
2.795000	-0.048146
2.796000	-0.049622
2.797000	-0.051089
2.798000	-0.052547
2.799000	-0.053995
2.800000	-0.055433
2.801000	-0.056862
2.802000	-0.058280
2.803000	-0.059688
2.804000	-0.061085
2.805000	-0.062472
2.806000	-0.063847
2.807000	-0.065212
2.808000	-0.066565
2.809000	-0.067907
2.810000	-0.069237
2.811000	-0.070556
2.812000	-0.071863
2.813000	-0.073157
2.814000	-0.074439
2.815000	-0.075709
2.816000	-0.076966
2.817000	-0.078210
2.818000	-0.079442
2.819000	-0.080660
2.820000	-0.081865
2.821000	-0.083056
2.822000	-0.084234
2.823000	-0.085399
2.824000	-0.086549
2.825000	-0.087686
2.826000	-0.088808
2.827000	-0.089916
2.828000	-0.091010
2.829000	-0.092089
2.830000	-0.093153
2.831000	-0.094203
2.832000	-0.095237
2.833000	-0.096257
2.834000	-0.097261
2.835000	-0.098250
2.836000	-0.099224
2.837000	-0.100182
2.838000	-0.101124
2.839000	-0.102051
2.840000	-0.102962
2.841000	-0.103856
2.842000	-0.104735
2.843000	-0.105598
2.844000	-0.106444
2.845000	-0.107273
2.846000	-0.108087
2.847000	-0.108883
2.848000	-0.109663
2.849000	-0.110426
2.850000	-0.111173
2.851000	-0.111902
2.852000	-0.112614
2.853000	-0.113309
2.854000	-0.113988
2.855000	-0.114648
2.856000	-0.115292
2.857000	-0.115918
2.858000	-0.116527
2.859000	-0.117118
2.860000	-0.117692
2.861000	-0.118248
2.862000	-0.118786
2.863000	-0.119307
2.864000	-0.119810
2.865000	-0.120295
2.866000	-0.120762
2.867000	-0.121211
2.868000	-0.121642
2.869000	-0.122056
2.870000	-0.122451
2.871000	-0.122828
2.872000	-0.123188
2.873000	-0.123529
2.874000	-0.123852
2.875000	-0.124157
2.876000	-0.124443
2.877000	-0.124712
2.878000	-0.124962
2.879000	-0.125194
2.880000	-0.125408
2.881000	-0.125604
2.882000	-0.125781
2.883000	-0.125941
2.884000	-0.126082
2.885000	-0.126205
2.886000	-0.126309
2.887000	-0.126396
2.888000	-0.126464
2.889000	-0.126514
2.890000	-0.126547
2.891000	-0.126560
2.892000	-0.126556
2.893000	-0.126534
2.894000	-0.126494
2.895000	-0.126436
2.896000	-0.126360
2.897000	-0.126265
2.898000	-0.126153
2.899000	-0.126024
2.900000	-0.125876
2.901000	-0.125710
2.902000	-0.125527
2.903000	-0.125327
2.904000	-0.125108
2.905000	-0.124872
2.906000	-0.124619
2.907000	-0.124348
2.908000	-0.124060
2.909000	-0.123754
2.910000	-0.123431
2.911000	-0.123092
2.912000	-0.122735
2.913000	-0.122361
2.914000	-0.121970
2.915000	-0.121562
2.916000	-0.121137
2.917000	-0.120696
2.918000	-0.120238
2.919000	-0.119764
2.920000	-0.119273
2.921000	-0.118766
2.922000	-0.118243
2.923000	-0.117703
2.924000	-0.117148
2.925000	-0.116576
2.926000	-0.115989
2.927000	-0.115386
2.928000	-0.114767
2.929000	-0.114133
2.930000	-0.113484
2.931000	-0.112819
2.932000	-0.112139
2.933000	-0.111444
2.934000	-0.110734
2.935000	-0.110010
2.936000	-0.109270
2.937000	-0.108516
2.938000	-0.107748
2.939000	-0.106966
2.940000	-0.106169
2.941000	-0.105358
2.942000	-0.104533
2.943000	-0.103695
2.944000	-0.102843
2.945000	-0.101978
2.946000	-0.101099
2.947000	-0.100207
2.948000	-0.099302
2.949000	-0.098384
2.950000	-0.097453
2.951000	-0.096510
2.952000	-0.095555
2.953000	-0.094587
2.954000	-0.093607
2.955000	-0.092615
2.956000	-0.091611
2.957000	-0.090596
2.958000	-0.089569
2.959000	-0.088530
2.960000	-0.087481
2.961000	-0.086421
2.962000	-0.085350
2.963000	-0.084268
2.964000	-0.083175
2.965000	-0.082073
2.966000	-0.080960
2.967000	-0.079837
2.968000	-0.078705
2.969000	-0.077562
2.970000	-0.076411
2.971000	-0.075250
2.972000	-0.074080
2.973000	-0.072901
2.974000	-0.071714
2.975000	-0.070517
2.976000	-0.069313
2.977000	-0.068100
2.978000	-0.066880
2.979000	-0.065651
2.980000	-0.064415
2.981000	-0.063171
2.982000	-0.061921
2.983000	-0.060663
2.984000	-0.059398
2.985000	-0.058127
2.986000	-0.056849
2.987000	-0.055565
2.988000	-0.054275
2.989000	-0.052979
2.990000	-0.051677
2.991000	-0.050369
2.992000	-0.049057
2.993000	-0.047739
2.994000	-0.046416
2.995000	-0.045089
2.996000	-0.043757
2.997000	-0.042420
2.998000	-0.041080
2.999000	-0.039735
3.000000	-0.038387
3.001000	-0.037035
3.002000	-0.035680
3.003000	-0.034322
3.004000	-0.032961
3.005000	-0.031597
3.006000	-0.030230
3.007000	-0.028861
3.008000	-0.027490
3.009000	-0.026117
3.010000	-0.024742
3.011000	-0.023366
3.012000	-0.021988
3.013000	-0.020609
3.014000	-0.019229
3.015000	-0.017848
3.016000	-0.016467
3.017000	-0.015085
3.018000	-0.013703
3.019000	-0.012322
3.020000	-0.010940
3.021000	-0.009559
3.022000	-0.008178
3.023000	-0.006798
3.024000	-0.005420
3.025000	-0.004042
3.026000	-0.002666
3.027000	-0.001291
3.028000	0.000082
3.029000	0.001453
3.030000	0.002821
3.031000	0.004188
3.032000	0.005551
3.033000	0.006912
3.034000	0.008271
3.035000	0.009626
3.036000	0.010977
3.037000	0.012326
3.038000	0.013670
3.039000	0.015011
3.040000	0.016347
3.041000	0.017680
3.042000	0.019008
3.043000	0.020331
3.044000	0.021649
3.045000	0.022963
3.046000	0.024271
3.047000	0.025574
3.048000	0.026872
3.049000	0.028164
3.050000	0.029450
3.051000	0.030730
3.052000	0.032004
3.053000	0.033271
3.054000	0.034532
3.055000	0.035786
3.056000	0.037033
3.057000	0.038273
3.058000	0.039506
3.059000	0.040732
3.060000	0.041949
3.061000	0.043160
3.062000	0.044362
3.063000	0.045556
3.064000	0.046742
3.065000	0.047920
3.066000	0.049089
3.067000	0.050249
3.068000	0.051401
3.069000	0.052544
3.070000	0.053677
3.071000	0.054802
3.072000	0.055916
3.073000	0.057022
3.074000	0.058117
3.075000	0.059203
3.076000	0.060279
3.077000	0.061344
3.078000	0.062399
3.079000	0.063444
3.080000	0.064478
3.081000	0.065502
3.082000	0.066515
3.083000	0.067517
3.084000	0.068507
3.085000	0.069487
3.086000	0.070455
3.087000	0.071412
3.088000	0.072357
3.089000	0.073291
3.090000	0.074213
3.091000	0.075123
3.092000	0.076021
3.093000	0.076906
3.094000	0.077780
3.095000	0.078641
3.096000	0.079490
3.097000	0.080326
3.098000	0.081149
3.099000	0.081960
3.100000	0.082758
3.101000	0.083543
3.102000	0.084314
3.103000	0.085073
3.104000	0.085819
3.105000	0.086551
3.106000	0.087270
3.107000	0.087975
3.108000	0.088667
3.109000	0.089345
3.110000	0.090009
3.111000	0.090659
3.112000	0.091296
3.113000	0.091919
3.114000	0.092528
3.115000	0.093122
3.116000	0.093703
3.117000	0.094269
3.118000	0.094821
3.119000	0.095359
3.120000	0.095882
3.121000	0.096391
3.122000	0.096885
3.123000	0.097365
3.124000	0.097831
3.125000	0.098281
3.126000	0.098717
3.127000	0.099138
3.128000	0.099545
3.129000	0.099937
3.130000	0.100314
3.131000	0.100676
3.132000	0.101023
3.133000	0.101355
3.134000	0.101672
3.135000	0.101975
3.136000	0.102262
3.137000	0.102534
3.138000	0.102792
3.139000	0.103034
3.140000	0.103261
3.141000	0.103473
3.142000	0.103670
3.143000	0.103852
3.144000	0.104019
3.145000	0.104171
3.146000	0.104308
3.147000	0.104429
3.148000	0.104536
3.149000	0.104627
3.150000	0.104704
3.151000	0.104765
3.152000	0.104811
3.153000	0.104843
3.154000	0.104859
3.155000	0.104860
3.156000	0.104846
3.157000	0.104818
3.158000	0.104774
3.159000	0.104716
3.160000	0.104642
3.161000	0.104554
3.162000	0.104451
3.163000	0.104334
3.164000	0.104201
3.165000	0.104054
3.166000	0.103892
3.167000	0.103716
3.168000	0.103525
3.169000	0.103320
3.170000	0.103100
3.171000	0.102865
3.172000	0.102617
3.173000	0.102354
3.174000	0.102077
3.175000	0.101785
3.176000	0.101480
3.177000	0.101160
3.178000	0.100827
3.179000	0.100479
3.180000	0.100118
3.181000	0.099743
3.182000	0.099354
3.183000	0.098952
3.184000	0.098536
3.185000	0.098107
3.186000	0.097664
3.187000	0.097208
3.188000	0.096738
3.189000	0.096256
3.190000	0.095760
3.191000	0.095252
3.192000	0.094730
3.193000	0.094196
3.194000	0.093650
3.195000	0.093090
3.196000	0.092518
3.197000	0.091934
3.198000	0.091337
3.199000	0.090729
3.200000	0.090108
3.201000	0.089475
3.202000	0.088830
3.203000	0.088174
3.204000	0.087506
3.205000	0.086826
3.206000	0.086135
3.207000	0.085433
3.208000	0.084719
3.209000	0.083994
3.210000	0.083259
3.211000	0.082512
3.212000	0.081755
3.213000	0.080987
3.214000	0.080209
3.215000	0.079421
3.216000	0.078622
3.217000	0.077813
3.218000	0.076994
3.219000	0.076166
3.220000	0.075327
3.221000	0.074479
3.222000	0.073622
3.223000	0.072756
3.224000	0.071880
3.225000	0.070995
3.226000	0.070102
3.227000	0.069199
3.228000	0.068288
3.229000	0.067369
3.230000	0.066441
3.231000	0.065505
3.232000	0.064561
3.233000	0.063610
3.234000	0.062650
3.235000	0.061683
3.236000	0.060709
3.237000	0.059727
3.238000	0.058738
3.239000	0.057742
3.240000	0.056740
3.241000	0.055731
3.242000	0.054715
3.243000	0.053692
3.244000	0.052664
3.245000	0.051630
3.246000	0.050589
3.247000	0.049543
3.248000	0.048492
3.249000	0.047435
3.250000	0.046372
3.251000	0.045305
3.252000	0.044232
3.253000	0.043155
3.254000	0.042073
3.255000	0.040987
3.256000	0.039897
3.257000	0.038802
3.258000	0.037703
3.259000	0.036601
3.260000	0.035495
3.261000	0.034385
3.262000	0.033272
3.263000	0.032156
3.264000	0.031037
3.265000	0.029915
3.266000	0.028790
3.267000	0.027663
3.268000	0.026534
3.269000	0.025402
3.270000	0.024269
3.271000	0.023133
3.272000	0.021996
3.273000	0.020857
3.274000	0.019717
3.275000	0.018576
3.276000	0.017434
3.277000	0.016291
3.278000	0.015147
3.279000	0.014003
3.280000	0.012858
3.281000	0.011713
3.282000	0.010568
3.283000	0.009423
3.284000	0.008279
3.285000	0.007135
3.286000	0.005991
3.287000	0.004849
3.288000	0.003707
3.289000	0.002566
3.290000	0.001427
3.291000	0.000289
3.292000	-0.000847
3.293000	-0.001982
3.294000	-0.003115
3.295000	-0.004245
3.296000	-0.005374
3.297000	-0.006500
3.298000	-0.007623
3.299000	-0.008744
3.300000	-0.009862
3.301000	-0.010977
3.302000	-0.012089
3.303000	-0.013198
3.304000	-0.014303
3.305000	-0.015404
3.306000	-0.016502
3.307000	-0.017595
3.308000	-0.018685
3.309000	-0.019770
3.310000	-0.020851
3.311000	-0.021928
3.312000	-0.023000
3.313000	-0.024067
3.314000	-0.025129
3.315000	-0.026186
3.316000	-0.027238
3.317000	-0.028284
3.318000	-0.029325
3.319000	-0.030360
3.320000	-0.031389
3.321000	-0.032413
3.322000	-0.033430
3.323000	-0.034441
3.324000	-0.035446
3.325000	-0.036444
3.326000	-0.037436
3.327000	-0.038421
3.328000	-0.039398
3.329000	-0.040369
3.330000	-0.041333
3.331000	-0.042290
3.332000	-0.043239
3.333000	-0.044180
3.334000	-0.045114
3.335000	-0.046040
3.336000	-0.046959
3.337000	-0.047869
3.338000	-0.048771
3.339000	-0.049665
3.340000	-0.050550
3.341000	-0.051427
3.342000	-0.052296
3.343000	-0.053155
3.344000	-0.054006
3.345000	-0.054848
3.346000	-0.055681
3.347000	-0.056505
3.348000	-0.057320
3.349000	-0.058125
3.350000	-0.058920
3.351000	-0.059707
3.352000	-0.060483
3.353000	-0.061250
3.354000	-0.062007
3.355000	-0.062754
3.356000	-0.063491
3.357000	-0.064218
3.358000	-0.064935
3.359000	-0.065641
3.360000	-0.066337
3.361000	-0.067023
3.362000	-0.067698
3.363000	-0.068362
3.364000	-0.069016
3.365000	-0.069659
3.366000	-0.070291
3.367000	-0.070912
3.368000	-0.071522
3.369000	-0.072121
3.370000	-0.072709
3.371000	-0.073286
3.372000	-0.073851
3.373000	-0.074405
3.374000	-0.074948
3.375000	-0.075479
3.376000	-0.075998
3.377000	-0.076506
3.378000	-0.077003
3.379000	-0.077487
3.380000	-0.077960
3.381000	-0.078421
3.382000	-0.078870
3.383000	-0.079308
3.384000	-0.079733
3.385000	-0.080147
3.386000	-0.080548
3.387000	-0.080937
3.388000	-0.081314
3.389000	-0.081680
3.390000	-0.082032
3.391000	-0.082373
3.392000	-0.082701
3.393000	-0.083018
3.394000	-0.083321
3.395000	-0.083613
3.396000	-0.083892
3.397000	-0.084159
3.398000	-0.084413
3.399000	-0.084655
3.400000	-0.084885
3.401000	-0.085102
3.402000	-0.085306
3.403000	-0.085499
3.404000	-0.085678
3.405000	-0.085845
3.406000	-0.086000
3.407000	-0.086142
3.408000	-0.086272
3.409000	-0.086389
3.410000	-0.086494
3.411000	-0.086586
3.412000	-0.086666
3.413000	-0.086733
3.414000	-0.086788
3.415000	-0.086830
3.416000	-0.086860
3.417000	-0.086877
3.418000	-0.086882
3.419000	-0.086875
3.420000	-0.086855
3.421000	-0.086823
3.422000	-0.086778
3.423000	-0.086721
3.424000	-0.086652
3.425000	-0.086571
3.426000	-0.086477
3.427000	-0.086371
3.428000	-0.086253
3.429000	-0.086123
3.430000	-0.085980
3.431000	-0.085826
3.432000	-0.085659
3.433000	-0.085481
3.434000	-0.085291
3.435000	-0.085088
3.436000	-0.084874
3.437000	-0.084648
3.438000	-0.084410
3.439000	-0.084161
3.440000	-0.083900
3.441000	-0.083627
3.442000	-0.083343
3.443000	-0.083047
3.444000	-0.082740
3.445000	-0.082422
3.446000	-0.082092
3.447000	-0.081751
3.448000	-0.081398
3.449000	-0.081035
3.450000	-0.080660
3.451000	-0.080275
3.452000	-0.079879
3.453000	-0.079472
3.454000	-0.079054
3.455000	-0.078625
3.456000	-0.078186
3.457000	-0.077736
3.458000	-0.077276
3.459000	-0.076805
3.460000	-0.076324
3.461000	-0.075833
3.462000	-0.075332
3.463000	-0.074821
3.464000	-0.074299
3.465000	-0.073768
3.466000	-0.073227
3.467000	-0.072677
3.468000	-0.072117
3.469000	-0.071547
3.470000	-0.070968
3.471000	-0.070380
3.472000	-0.069782
3.473000	-0.069176
3.474000	-0.068560
3.475000	-0.067935
3.476000	-0.067302
3.477000	-0.066660
3.478000	-0.066009
3.479000	-0.065350
3.480000	-0.064683
3.481000	-0.064007
3.482000	-0.063323
3.483000	-0.062631
3.484000	-0.061931
3.485000	-0.061223
3.486000	-0.060507
3.487000	-0.059784
3.488000	-0.059053
3.489000	-0.058315
3.490000	-0.057570
3.491000	-0.056817
3.492000	-0.056058
3.493000	-0.055291
3.494000	-0.054518
3.495000	-0.053738
3.496000	-0.052951
3.497000	-0.052159
3.498000	-0.051359
3.499000	-0.050554
3.500000	-0.049742
3.501000	-0.048925
3.502000	-0.048102
3.503000	-0.047273
3.504000	-0.046438
3.505000	-0.045598
3.506000	-0.044753
3.507000	-0.043902
3.508000	-0.043047
3.509000	-0.042186
3.510000	-0.041321
3.511000	-0.040451
3.512000	-0.039577
3.513000	-0.038698
3.514000	-0.037815
3.515000	-0.036928
3.516000	-0.036036
3.517000	-0.035141
3.518000	-0.034242
3.519000	-0.033340
3.520000	-0.032434
3.521000	-0.031525
3.522000	-0.030612
3.523000	-0.029697
3.524000	-0.028778
3.525000	-0.027857
3.526000	-0.026933
3.527000	-0.026006
3.528000	-0.025078
3.529000	-0.024147
3.530000	-0.023213
3.531000	-0.022278
3.532000	-0.021341
3.533000	-0.020402
3.534000	-0.019462
3.535000	-0.018520
3.536000	-0.017577
3.537000	-0.016633
3.538000	-0.015688
3.539000	-0.014741
3.540000	-0.013795
3.541000	-0.012847
3.542000	-0.011899
3.543000	-0.010951
3.544000	-0.010002
3.545000	-0.009054
3.546000	-0.008105
3.547000	-0.007157
3.548000	-0.006209
3.549000	-0.005261
3.550000	-0.004314
3.551000	-0.003368
3.552000	-0.002422
3.553000	-0.001478
3.554000	-0.000535
3.555000	0.000407
3.556000	0.001348
3.557000	0.002287
3.558000	0.003224
3.559000	0.004159
3.560000	0.005093
3.561000	0.006025
3.562000	0.006954
3.563000	0.007881
3.564000	0.008806
3.565000	0.009728
3.566000	0.010647
3.567000	0.011563
3.568000	0.012477
3.569000	0.013387
3.570000	0.014295
3.571000	0.015199
3.572000	0.016099
3.573000	0.016996
3.574000	0.017889
3.575000	0.018778
3.576000	0.019664
3.577000	0.020545
3.578000	0.021422
3.579000	0.022295
3.580000	0.023163
3.581000	0.024027
3.582000	0.024886
3.583000	0.025741
3.584000	0.026590
3.585000	0.027435
3.586000	0.028274
3.587000	0.029108
3.588000	0.029937
3.589000	0.030760
3.590000	0.031578
3.591000	0.032390
3.592000	0.033196
3.593000	0.033997
3.594000	0.034791
3.595000	0.035579
3.596000	0.036361
3.597000	0.037137
3.598000	0.037907
3.599000	0.038669
3.600000	0.039426
3.601000	0.040175
3.602000	0.040918
3.603000	0.041654
3.604000	0.042383
3.605000	0.043104
3.606000	0.043819
3.607000	0.044526
3.608000	0.045226
3.609000	0.045919
3.610000	0.046604
3.611000	0.047281
3.612000	0.047951
3.613000	0.048612
3.614000	0.049266
3.615000	0.049912
3.616000	0.050550
3.617000	0.051180
3.618000	0.051801
3.619000	0.052415
3.620000	0.053020
3.621000	0.053616
3.622000	0.054204
3.623000	0.054783
3.624000	0.055354
3.625000	0.055916
3.626000	0.056469
3.627000	0.057014
3.628000	0.057549
3.629000	0.058076
3.630000	0.058593
3.631000	0.059102
3.632000	0.059601
3.633000	0.060091
3.634000	0.060571
3.635000	0.061043
3.636000	0.061505
3.637000	0.061957
3.638000	0.062400
3.639000	0.062834
3.640000	0.063258
3.641000	0.063672
3.642000	0.064077
3.643000	0.064472
3.644000	0.064857
3.645000	0.065232
3.646000	0.065597
3.647000	0.065953
3.648000	0.066299
3.649000	0.066634
3.650000	0.066960
3.651000	0.067276
3.652000	0.067581
3.653000	0.067877
3.654000	0.068162
3.655000	0.068438
3.656000	0.068703
3.657000	0.068958
3.658000	0.069202
3.659000	0.069437
3.660000	0.069661
3.661000	0.069875
3.662000	0.070079
3.663000	0.070272
3.664000	0.070455
3.665000	0.070628
3.666000	0.070790
3.667000	0.070943
3.668000	0.071084
3.669000	0.071216
3.670000	0.071337
3.671000	0.071448
3.672000	0.071548
3.673000	0.071638
3.674000	0.071718
3.675000	0.071787
3.676000	0.071846
3.677000	0.071894
3.678000	0.071933
3.679000	0.071961
3.680000	0.071978
3.681000	0.071986
3.682000	0.071983
3.683000	0.071969
3.684000	0.071946
3.685000	0.071912
3.686000	0.071868
3.687000	0.071814
3.688000	0.071750
3.689000	0.071675
3.690000	0.071591
3.691000	0.071496
3.692000	0.071391
3.693000	0.071277
3.694000	0.071152
3.695000	0.071017
3.696000	0.070872
3.697000	0.070718
3.698000	0.070553
3.699000	0.070379
3.700000	0.070195
3.701000	0.070001
3.702000	0.069797
3.703000	0.069584
3.704000	0.069361
3.705000	0.069128
3.706000	0.068886
3.707000	0.068635
3.708000	0.068374
3.709000	0.068103
3.710000	0.067824
3.711000	0.067535
3.712000	0.067236
3.713000	0.066929
3.714000	0.066613
3.715000	0.066287
3.716000	0.065952
3.717000	0.065609
3.718000	0.065257
3.719000	0.064895
3.720000	0.064525
3.721000	0.064147
3.722000	0.063760
3.723000	0.063364
3.724000	0.062960
3.725000	0.062547
3.726000	0.062126
3.727000	0.061697
3.728000	0.061259
3.729000	0.060814
3.730000	0.060360
3.731000	0.059898
3.732000	0.059429
3.733000	0.058951
3.734000	0.058466
3.735000	0.057974
3.736000	0.057473
3.737000	0.056966
3.738000	0.056451
3.739000	0.055928
3.740000	0.055398
3.741000	0.054861
3.742000	0.054317
3.743000	0.053767
3.744000	0.053209
3.745000	0.052644
3.746000	0.052073
3.747000	0.051495
3.748000	0.050910
3.749000	0.050319
3.750000	0.049722
3.751000	0.049119
3.752000	0.048509
3.753000	0.047893
3.754000	0.047272
3.755000	0.046644
3.756000	0.046011
3.757000	0.045372
3.758000	0.044728
3.759000	0.044078
3.760000	0.043422
3.761000	0.042762
3.762000	0.042096
3.763000	0.041425
3.764000	0.040749
3.765000	0.040069
3.766000	0.039383
3.767000	0.038693
3.768000	0.037999
3.769000	0.037300
3.770000	0.036596
3.771000	0.035889
3.772000	0.035177
3.773000	0.034462
3.774000	0.033742
3.775000	0.033019
3.776000	0.032292
3.777000	0.031561
3.778000	0.030827
3.779000	0.030090
3.780000	0.029349
3.781000	0.028605
3.782000	0.027858
3.783000	0.027109
3.784000	0.026356
3.785000	0.025601
3.786000	0.024843
3.787000	0.024083
3.788000	0.023320
3.789000	0.022555
3.790000	0.021788
3.791000	0.021019
3.792000	0.020249
3.793000	0.019476
3.794000	0.018702
3.795000	0.017926
3.796000	0.017148
3.797000	0.016370
3.798000	0.015590
3.799000	0.014809
3.800000	0.014027
3.801000	0.013244
3.802000	0.012460
3.803000	0.011676
3.804000	0.010891
3.805000	0.010105
3.806000	0.009320
3.807000	0.008534
3.808000	0.007748
3.809000	0.006962
3.810000	0.006176
3.811000	0.005390
3.812000	0.004605
3.813000	0.003820
3.814000	0.003036
3.815000	0.002253
3.816000	0.001470
3.817000	0.000688
3.818000	-0.000093
3.819000	-0.000872
3.820000	-0.001651
3.821000	-0.002428
3.822000	-0.003203
3.823000	-0.003977
3.824000	-0.004750
3.825000	-0.005520
3.826000	-0.006289
3.827000	-0.007056
3.828000	-0.007820
3.829000	-0.008583
3.830000	-0.009343
3.831000	-0.010101
3.832000	-0.010856
3.833000	-0.011608
3.834000	-0.012358
3.835000	-0.013105
3.836000	-0.013849
3.837000	-0.014590
3.838000	-0.015328
3.839000	-0.016063
3.840000	-0.016794
3.841000	-0.017522
3.842000	-0.018246
3.843000	-0.018967
3.844000	-0.019683
3.845000	-0.020396
3.846000	-0.021106
3.847000	-0.021811
3.848000	-0.022512
3.849000	-0.023209
3.850000	-0.023901
3.851000	-0.024589
3.852000	-0.025273
3.853000	-0.025952
3.854000	-0.026626
3.855000	-0.027295
3.856000	-0.027960
3.857000	-0.028620
3.858000	-0.029275
3.859000	-0.029924
3.860000	-0.030569
3.861000	-0.031208
3.862000	-0.031842
3.863000	-0.032470
3.864000	-0.033093
3.865000	-0.033710
3.866000	-0.034321
3.867000	-0.034927
3.868000	-0.035527
3.869000	-0.036121
3.870000	-0.036709
3.871000	-0.037291
3.872000	-0.037866
3.873000	-0.038436
3.874000	-0.038999
3.875000	-0.039556
3.876000	-0.040106
3.877000	-0.040650
3.878000	-0.041187
3.879000	-0.041718
3.880000	-0.042242
3.881000	-0.042759
3.882000	-0.043269
3.883000	-0.043773
3.884000	-0.044269
3.885000	-0.044758
3.886000	-0.045241
3.887000	-0.045716
3.888000	-0.046184
3.889000	-0.046644
3.890000	-0.047098
3.891000	-0.047544
3.892000	-0.047982
3.893000	-0.048413
3.894000	-0.048837
3.895000	-0.049253
3.896000	-0.049661
3.897000	-0.050062
3.898000	-0.050455
3.899000	-0.050840
3.900000	-0.051218
3.901000	-0.051587
3.902000	-0.051949
3.903000	-0.052303
3.904000	-0.052648
3.905000	-0.052986
3.906000	-0.053316
3.907000	-0.053637
3.908000	-0.053951
3.909000	-0.054256
3.910000	-0.054553
3.911000	-0.054842
3.912000	-0.055123
3.913000	-0.055396
3.914000	-0.055660
3.915000	-0.055916
3.916000	-0.056163
3.917000	-0.056402
3.918000	-0.056633
3.919000	-0.056855
3.920000	-0.057069
3.921000	-0.057274
3.922000	-0.057471
3.923000	-0.057660
3.924000	-0.057840
3.925000	-0.058011
3.926000	-0.058174
3.927000	-0.058329
3.928000	-0.058474
3.929000	-0.058612
3.930000	-0.058740
3.931000	-0.058861
3.932000	-0.058972
3.933000	-0.059075
3.934000	-0.059170
3.935000	-0.059255
3.936000	-0.059333
3.937000	-0.059401
3.938000	-0.059461
3.939000	-0.059513
3.940000	-0.059556
3.941000	-0.059590
3.942000	-0.059616
3.943000	-0.059633
3.944000	-0.059642
3.945000	-0.059642
3.946000	-0.059634
3.947000	-0.059617
3.948000	-0.059592
3.949000	-0.059558
3.950000	-0.059516
3.951000	-0.059465
3.952000	-0.059406
3.953000	-0.059339
3.954000	-0.059263
3.955000	-0.059179
3.956000	-0.059086
3.957000	-0.058986
3.958000	-0.058877
3.959000	-0.058759
3.960000	-0.058634
3.961000	-0.058500
3.962000	-0.058358
3.963000	-0.058208
3.964000	-0.058050
3.965000	-0.057884
3.966000	-0.057709
3.967000	-0.057527
3.968000	-0.057337
3.969000	-0.057139
3.970000	-0.056933
3.971000	-0.056719
3.972000	-0.056498
3.973000	-0.056268
3.974000	-0.056031
3.975000	-0.055787
3.976000	-0.055534
3.977000	-0.055274
3.978000	-0.055007
3.979000	-0.054732
3.980000	-0.054450
3.981000	-0.054160
3.982000	-0.053863
3.983000	-0.053559
3.984000	-0.053248
3.985000	-0.052929
3.986000	-0.052603
3.987000	-0.052271
3.988000	-0.051931
3.989000	-0.051584
3.990000	-0.051231
3.991000	-0.050870
3.992000	-0.050503
3.993000	-0.050129
3.994000	-0.049749
3.995000	-0.049362
3.996000	-0.048969
3.997000	-0.048569
3.998000	-0.048162
3.999000	-0.047750
4.000000	-0.047331
4.001000	-0.046906
4.002000	-0.046475
4.003000	-0.046038
4.004000	-0.045595
4.005000	-0.045146
4.006000	-0.044692
4.007000	-0.044231
4.008000	-0.043765
4.009000	-0.043294
4.010000	-0.042816
4.011000	-0.042334
4.012000	-0.041846
4.013000	-0.041353
4.014000	-0.040854
4.015000	-0.040351
4.016000	-0.039842
4.017000	-0.039329
4.018000	-0.038810
4.019000	-0.038287
4.020000	-0.037759
4.021000	-0.037227
4.022000	-0.036690
4.023000	-0.036148
4.024000	-0.035602
4.025000	-0.035052
4.026000	-0.034497
4.027000	-0.033939
4.028000	-0.033376
4.029000	-0.032809
4.030000	-0.032239
4.031000	-0.031664
4.032000	-0.031086
4.033000	-0.030505
4.034000	-0.029920
4.035000	-0.029331
4.036000	-0.028739
4.037000	-0.028144
4.038000	-0.027546
4.039000	-0.026944
4.040000	-0.026340
4.041000	-0.025733
4.042000	-0.025122
4.043000	-0.024510
4.044000	-0.023894
4.045000	-0.023276
4.046000	-0.022656
4.047000	-0.022033
4.048000	-0.021408
4.049000	-0.020781
4.050000	-0.020151
4.051000	-0.019520
4.052000	-0.018887
4.053000	-0.018252
4.054000	-0.017616
4.055000	-0.016977
4.056000	-0.016338
4.057000	-0.015696
4.058000	-0.015054
4.059000	-0.014410
4.060000	-0.013765
4.061000	-0.013119
4.062000	-0.012473
4.063000	-0.011825
4.064000	-0.011176
4.065000	-0.010527
4.066000	-0.009878
4.067000	-0.009227
4.068000	-0.008577
4.069000	-0.007926
4.070000	-0.007275
4.071000	-0.006624
4.072000	-0.005972
4.073000	-0.005321
4.074000	-0.004670
4.075000	-0.004020
4.076000	-0.003369
4.077000	-0.002719
4.078000	-0.002070
4.079000	-0.001421
4.080000	-0.000773
4.081000	-0.000126
4.082000	0.000520
4.083000	0.001166
4.084000	0.001810
4.085000	0.002453
4.086000	0.003095
4.087000	0.003735
4.088000	0.004374
4.089000	0.005011
4.090000	0.005647
4.091000	0.006281
4.092000	0.006913
4.093000	0.007544
4.094000	0.008172
4.095000	0.008799
4.096000	0.009423
4.097000	0.010045
4.098000	0.010664
4.099000	0.011282
4.100000	0.011896
4.101000	0.012508
4.102000	0.013118
4.103000	0.013725
4.104000	0.014329
4.105000	0.014930
4.106000	0.015528
4.107000	0.016123
4.108000	0.016714
4.109000	0.017303
4.110000	0.017888
4.111000	0.018470
4.112000	0.019049
4.113000	0.019623
4.114000	0.020195
4.115000	0.020762
4.116000	0.021326
4.117000	0.021886
4.118000	0.022442
4.119000	0.022994
4.120000	0.023542
4.121000	0.024086
4.122000	0.024625
4.123000	0.025161
4.124000	0.025691
4.125000	0.026218
4.126000	0.026740
4.127000	0.027257
4.128000	0.027770
4.129000	0.028278
4.130000	0.028782
4.131000	0.029280
4.132000	0.029774
4.133000	0.030263
4.134000	0.030746
4.135000	0.031225
4.136000	0.031698
4.137000	0.032167
4.138000	0.032630
4.139000	0.033087
4.140000	0.033540
4.141000	0.033986
4.142000	0.034428
4.143000	0.034864
4.144000	0.035294
4.145000	0.035718
4.146000	0.036137
4.147000	0.036550
4.148000	0.036958
4.149000	0.037359
4.150000	0.037755
4.151000	0.038144
4.152000	0.038528
4.153000	0.038905
4.154000	0.039277
4.155000	0.039642
4.156000	0.040001
4.157000	0.040354
4.158000	0.040701
4.159000	0.041041
4.160000	0.041375
4.161000	0.041703
4.162000	0.042024
4.163000	0.042339
4.164000	0.042647
4.165000	0.042949
4.166000	0.043244
4.167000	0.043532
4.168000	0.043814
4.169000	0.044090
4.170000	0.044358
4.171000	0.044620
4.172000	0.044875
4.173000	0.045123
4.174000	0.045365
4.175000	0.045600
4.176000	0.045828
4.177000	0.046049
4.178000	0.046263
4.179000	0.046470
4.180000	0.046670
4.181000	0.046864
4.182000	0.047050
4.183000	0.047229
4.184000	0.047402
4.185000	0.047567
4.186000	0.047726
4.187000	0.047877
4.188000	0.048021
4.189000	0.048158
4.190000	0.048288
4.191000	0.048412
4.192000	0.048527
4.193000	0.048636
4.194000	0.048738
4.195000	0.048833
4.196000	0.048920
4.197000	0.049001
4.198000	0.049074
4.199000	0.049140
4.200000	0.049200
4.201000	0.049252
4.202000	0.049296
4.203000	0.049334
4.204000	0.049365
4.205000	0.049389
4.206000	0.049405
4.207000	0.049415
4.208000	0.049417
4.209000	0.049412
4.210000	0.049401
4.211000	0.049382
4.212000	0.049356
4.213000	0.049323
4.214000	0.049284
4.215000	0.049237
4.216000	0.049183
4.217000	0.049123
4.218000	0.049055
4.219000	0.048980
4.220000	0.048899
4.221000	0.048811
4.222000	0.048716
4.223000	0.048614
4.224000	0.048505
4.225000	0.048390
4.226000	0.048268
4.227000	0.048139
4.228000	0.048003
4.229000	0.047861
4.230000	0.047712
4.231000	0.047556
4.232000	0.047394
4.233000	0.047226
4.234000	0.047051
4.235000	0.046869
4.236000	0.046681
4.237000	0.046487
4.238000	0.046286
4.239000	0.046079
4.240000	0.045865
4.241000	0.045646
4.242000	0.045420
4.243000	0.045188
4.244000	0.044950
4.245000	0.044706
4.246000	0.044456
4.247000	0.044200
4.248000	0.043937
4.249000	0.043669
4.250000	0.043396
4.251000	0.043116
4.252000	0.042830
4.253000	0.042539
4.254000	0.042242
4.255000	0.041940
4.256000	0.041632
4.257000	0.041319
4.258000	0.041000
4.259000	0.040675
4.260000	0.040346
4.261000	0.040011
4.262000	0.039671
4.263000	0.039325
4.264000	0.038975
4.265000	0.038619
4.266000	0.038259
4.267000	0.037893
4.268000	0.037523
4.269000	0.037148
4.270000	0.036768
4.271000	0.036383
4.272000	0.035994
4.273000	0.035600
4.274000	0.035201
4.275000	0.034798
4.276000	0.034391
4.277000	0.033980
4.278000	0.033564
4.279000	0.033144
4.280000	0.032719
4.281000	0.032291
4.282000	0.031859
4.283000	0.031423
4.284000	0.030983
4.285000	0.030539
4.286000	0.030091
4.287000	0.029640
4.288000	0.029185
4.289000	0.028727
4.290000	0.028265
4.291000	0.027800
4.292000	0.027331
4.293000	0.026860
4.294000	0.026385
4.295000	0.025907
4.296000	0.025426
4.297000	0.024942
4.298000	0.024455
4.299000	0.023966
4.300000	0.023473
4.301000	0.022979
4.302000	0.022481
4.303000	0.021981
4.304000	0.021479
4.305000	0.020974
4.306000	0.020467
4.307000	0.019957
4.308000	0.019446
4.309000	0.018933
4.310000	0.018417
4.311000	0.017900
4.312000	0.017381
4.313000	0.016860
4.314000	0.016338
4.315000	0.015813
4.316000	0.015288
4.317000	0.014761
4.318000	0.014232
4.319000	0.013703
4.320000	0.013172
4.321000	0.012640
4.322000	0.012107
4.323000	0.011573
4.324000	0.011038
4.325000	0.010502
4.326000	0.009966
4.327000	0.009429
4.328000	0.008891
4.329000	0.008353
4.330000	0.007814
4.331000	0.007275
4.332000	0.006736
4.333000	0.006197
4.334000	0.005657
4.335000	0.005118
4.336000	0.004578
4.337000	0.004039
4.338000	0.003499
4.339000	0.002960
4.340000	0.002422
4.341000	0.001884
4.342000	0.001346
4.343000	0.000809
4.344000	0.000273
4.345000	-0.000263
4.346000	-0.000798
4.347000	-0.001332
4.348000	-0.001865
4.349000	-0.002397
4.350000	-0.002928
4.351000	-0.003458
4.352000	-0.003987
4.353000	-0.004514
4.354000	-0.005040
4.355000	-0.005564
4.356000	-0.006087
4.357000	-0.006608
4.358000	-0.007127
4.359000	-0.007645
4.360000	-0.008161
4.361000	-0.008675
4.362000	-0.009187
4.363000	-0.009697
4.364000	-0.010205
4.365000	-0.010711
4.366000	-0.011214
4.367000	-0.011715
4.368000	-0.012214
4.369000	-0.012710
4.370000	-0.013204
4.371000	-0.013695
4.372000	-0.014184
4.373000	-0.014669
4.374000	-0.015152
4.375000	-0.015633
4.376000	-0.016110
4.377000	-0.016584
4.378000	-0.017055
4.379000	-0.017523
4.380000	-0.017988
4.381000	-0.018450
4.382000	-0.018908
4.383000	-0.019363
4.384000	-0.019815
4.385000	-0.020263
4.386000	-0.020708
4.387000	-0.021149
4.388000	-0.021586
4.389000	-0.022020
4.390000	-0.022450
4.391000	-0.022876
4.392000	-0.023298
4.393000	-0.023717
4.394000	-0.024131
4.395000	-0.024541
4.396000	-0.024947
4.397000	-0.025349
4.398000	-0.025747
4.399000	-0.026141
4.400000	-0.026530
4.401000	-0.026915
4.402000	-0.027296
4.403000	-0.027672
4.404000	-0.028044
4.405000	-0.028411
4.406000	-0.028773
4.407000	-0.029131
4.408000	-0.029484
4.409000	-0.029833
4.410000	-0.030177
4.411000	-0.030516
4.412000	-0.030850
4.413000	-0.031179
4.414000	-0.031504
4.415000	-0.031823
4.416000	-0.032137
4.417000	-0.032447
4.418000	-0.032751
4.419000	-0.033050
4.420000	-0.033344
4.421000	-0.033633
4.422000	-0.033917
4.423000	-0.034195
4.424000	-0.034468
4.425000	-0.034736
4.426000	-0.034998
4.427000	-0.035255
4.428000	-0.035507
4.429000	-0.035753
4.430000	-0.035994
4.431000	-0.036229
4.432000	-0.036459
4.433000	-0.036683
4.434000	-0.036902
4.435000	-0.037115
4.436000	-0.037323
4.437000	-0.037525
4.438000	-0.037721
4.439000	-0.037912
4.440000	-0.038096
4.441000	-0.038276
4.442000	-0.038449
4.443000	-0.038617
4.444000	-0.038779
4.445000	-0.038935
4.446000	-0.039086
4.447000	-0.039230
4.448000	-0.039369
4.449000	-0.039502
4.450000	-0.039629
4.451000	-0.039751
4.452000	-0.039866
4.453000	-0.039976
4.454000	-0.040080
4.455000	-0.040178
4.456000	-0.040270
4.457000	-0.040356
4.458000	-0.040436
4.459000	-0.040511
4.460000	-0.040579
4.461000	-0.040642
4.462000	-0.040698
4.463000	-0.040749
4.464000	-0.040794
4.465000	-0.040833
4.466000	-0.040866
4.467000	-0.040894
4.468000	-0.040915
4.469000	-0.040931
4.470000	-0.040940
4.471000	-0.040944
4.472000	-0.040942
4.473000	-0.040934
4.474000	-0.040921
4.475000	-0.040901
4.476000	-0.040876
4.477000	-0.040845
4.478000	-0.040808
4.479000	-0.040765
4.480000	-0.040717
4.481000	-0.040662
4.482000	-0.040602
4.483000	-0.040537
4.484000	-0.040465
4.485000	-0.040388
4.486000	-0.040306
4.487000	-0.040218
4.488000	-0.040124
4.489000	-0.040024
4.490000	-0.039919
4.491000	-0.039808
4.492000	-0.039692
4.493000	-0.039571
4.494000	-0.039444
4.495000	-0.039311
4.496000	-0.039173
4.497000	-0.039030
4.498000	-0.038881
4.499000	-0.038727
4.500000	-0.038567
4.501000	-0.038403
4.502000	-0.038233
4.503000	-0.038058
4.504000	-0.037877
4.505000	-0.037692
4.506000	-0.037501
4.507000	-0.037306
4.508000	-0.037105
4.509000	-0.036899
4.510000	-0.036688
4.511000	-0.036473
4.512000	-0.036252
4.513000	-0.036027
4.514000	-0.035797
4.515000	-0.035562
4.516000	-0.035322
4.517000	-0.035077
4.518000	-0.034828
4.519000	-0.034575
4.520000	-0.034316
4.521000	-0.034053
4.522000	-0.033786
4.523000	-0.033514
4.524000	-0.033238
4.525000	-0.032958
4.526000	-0.032673
4.527000	-0.032384
4.528000	-0.032091
4.529000	-0.031793
4.530000	-0.031492
4.531000	-0.031186
4.532000	-0.030876
4.533000	-0.030563
4.534000	-0.030245
4.535000	-0.029924
4.536000	-0.029599
4.537000	-0.029270
4.538000	-0.028937
4.539000	-0.028601
4.540000	-0.028261
4.541000	-0.027917
4.542000	-0.027571
4.543000	-0.027220
4.544000	-0.026866
4.545000	-0.026509
4.546000	-0.026149
4.547000	-0.025785
4.548000	-0.025418
4.549000	-0.025049
4.550000	-0.024676
4.551000	-0.024300
4.552000	-0.023921
4.553000	-0.023539
4.554000	-0.023155
4.555000	-0.022767
4.556000	-0.022377
4.557000	-0.021985
4.558000	-0.021590
4.559000	-0.021192
4.560000	-0.020792
4.561000	-0.020389
4.562000	-0.019984
4.563000	-0.019577
4.564000	-0.019168
4.565000	-0.018756
4.566000	-0.018342
4.567000	-0.017927
4.568000	-0.017509
4.569000	-0.017090
4.570000	-0.016668
4.571000	-0.016245
4.572000	-0.015820
4.573000	-0.015394
4.574000	-0.014966
4.575000	-0.014536
4.576000	-0.014105
4.577000	-0.013672
4.578000	-0.013238
4.579000	-0.012803
4.580000	-0.012367
4.581000	-0.011930
4.582000	-0.011491
4.583000	-0.011052
4.584000	-0.010611
4.585000	-0.010170
4.586000	-0.009727
4.587000	-0.009284
4.588000	-0.008841
4.589000	-0.008397
4.590000	-0.007952
4.591000	-0.007506
4.592000	-0.007061
4.593000	-0.006614
4.594000	-0.006168
4.595000	-0.005721
4.596000	-0.005274
4.597000	-0.004827
4.598000	-0.004380
4.599000	-0.003933
4.600000	-0.003486
4.601000	-0.003040
4.602000	-0.002593
4.603000	-0.002147
4.604000	-0.001701
4.605000	-0.001255
4.606000	-0.000810
4.607000	-0.000365
4.608000	0.000079
4.609000	0.000522
4.610000	0.000965
4.611000	0.001407
4.612000	0.001848
4.613000	0.002288
4.614000	0.002728
4.615000	0.003166
4.616000	0.003603
4.617000	0.004039
4.618000	0.004474
4.619000	0.004907
4.620000	0.005340
4.621000	0.005771
4.622000	0.006200
4.623000	0.006628
4.624000	0.007054
4.625000	0.007479
4.626000	0.007902
4.627000	0.008323
4.628000	0.008743
4.629000	0.009161
4.630000	0.009577
4.631000	0.009990
4.632000	0.010402
4.633000	0.010812
4.634000	0.011220
4.635000	0.011625
4.636000	0.012028
4.637000	0.012429
4.638000	0.012828
4.639000	0.013224
4.640000	0.013618
4.641000	0.014009
4.642000	0.014398
4.643000	0.014784
4.644000	0.015167
4.645000	0.015548
4.646000	0.015926
4.647000	0.016301
4.648000	0.016673
4.649000	0.017042
4.650000	0.017409
4.651000	0.017772
4.652000	0.018132
4.653000	0.018489
4.654000	0.018843
4.655000	0.019194
4.656000	0.019542
4.657000	0.019886
4.658000	0.020227
4.659000	0.020565
4.660000	0.020899
4.661000	0.021230
4.662000	0.021557
4.663000	0.021881
4.664000	0.022201
4.665000	0.022517
4.666000	0.022830
4.667000	0.023139
4.668000	0.023445
4.669000	0.023746
4.670000	0.024044
4.671000	0.024338
4.672000	0.024628
4.673000	0.024914
4.674000	0.025196
4.675000	0.025474
4.676000	0.025748
4.677000	0.026018
4.678000	0.026284
4.679000	0.026546
4.680000	0.026804
4.681000	0.027057
4.682000	0.027306
4.683000	0.027551
4.684000	0.027792
4.685000	0.028028
4.686000	0.028260
4.687000	0.028488
4.688000	0.028711
4.689000	0.028930
4.690000	0.029144
4.691000	0.029354
4.692000	0.029560
4.693000	0.029761
4.694000	0.029957
4.695000	0.030149
4.696000	0.030336
4.697000	0.030519
4.698000	0.030697
4.699000	0.030870
4.700000	0.031039
4.701000	0.031203
4.702000	0.031362
4.703000	0.031517
4.704000	0.031667
4.705000	0.031812
4.706000	0.031953
4.707000	0.032088
4.708000	0.032219
4.709000	0.032346
4.710000	0.032467
4.711000	0.032583
4.712000	0.032695
4.713000	0.032802
4.714000	0.032904
4.715000	0.033001
4.716000	0.033094
4.717000	0.033181
4.718000	0.033264
4.719000	0.033342
4.720000	0.033415
4.721000	0.033483
4.722000	0.033546
4.723000	0.033604
4.724000	0.033658
4.725000	0.033706
4.726000	0.033750
4.727000	0.033789
4.728000	0.033823
4.729000	0.033852
4.730000	0.033876
4.731000	0.033895
4.732000	0.033909
4.733000	0.033919
4.734000	0.033924
4.735000	0.033923
4.736000	0.033918
4.737000	0.033909
4.738000	0.033894
4.739000	0.033874
4.740000	0.033850
4.741000	0.033821
4.742000	0.033787
4.743000	0.033749
4.744000	0.033705
4.745000	0.033657
4.746000	0.033604
4.747000	0.033546
4.748000	0.033484
4.749000	0.033417
4.750000	0.033345
4.751000	0.033269
4.752000	0.033188
4.753000	0.033102
4.754000	0.033012
4.755000	0.032917
4.756000	0.032818
4.757000	0.032714
4.758000	0.032606
4.759000	0.032493
4.760000	0.032375
4.761000	0.032254
4.762000	0.032127
4.763000	0.031997
4.764000	0.031862
4.765000	0.031722
4.766000	0.031578
4.767000	0.031430
4.768000	0.031278
4.769000	0.031121
4.770000	0.030961
4.771000	0.030796
4.772000	0.030626
4.773000	0.030453
4.774000	0.030276
4.775000	0.030094
4.776000	0.029909
4.777000	0.029719
4.778000	0.029526
4.779000	0.029328
4.780000	0.029127
4.781000	0.028922
4.782000	0.028713
4.783000	0.028500
4.784000	0.028283
4.785000	0.028063
4.786000	0.027839
4.787000	0.027611
4.788000	0.027380
4.789000	0.027145
4.790000	0.026907
4.791000	0.026665
4.792000	0.026420
4.793000	0.026171
4.794000	0.025919
4.795000	0.025663
4.796000	0.025404
4.797000	0.025142
4.798000	0.024877
4.799000	0.024609
4.800000	0.024337
4.801000	0.024062
4.802000	0.023785
4.803000	0.023504
4.804000	0.023220
4.805000	0.022934
4.806000	0.022644
4.807000	0.022352
4.808000	0.022057
4.809000	0.021759
4.810000	0.021459
4.811000	0.021156
4.812000	0.020850
4.813000	0.020542
4.814000	0.020231
4.815000	0.019918
4.816000	0.019603
4.817000	0.019285
4.818000	0.018965
4.819000	0.018642
4.820000	0.018318
4.821000	0.017991
4.822000	0.017662
4.823000	0.017331
4.824000	0.016998
4.825000	0.016663
4.826000	0.016326
4.827000	0.015988
4.828000	0.015647
4.829000	0.015305
4.830000	0.014961
4.831000	0.014616
4.832000	0.014269
4.833000	0.013920
4.834000	0.013570
4.835000	0.013218
4.836000	0.012865
4.837000	0.012511
4.838000	0.012155
4.839000	0.011799
4.840000	0.011441
4.841000	0.011081
4.842000	0.010721
4.843000	0.010360
4.844000	0.009998
4.845000	0.009635
4.846000	0.009271
4.847000	0.008906
4.848000	0.008541
4.849000	0.008175
4.850000	0.007808
4.851000	0.007440
4.852000	0.007072
4.853000	0.006704
4.854000	0.006335
4.855000	0.005966
4.856000	0.005596
4.857000	0.005226
4.858000	0.004856
4.859000	0.004486
4.860000	0.004116
4.861000	0.003745
4.862000	0.003375
4.863000	0.003005
4.864000	0.002634
4.865000	0.002264
4.866000	0.001894
4.867000	0.001525
4.868000	0.001156
4.869000	0.000787
4.870000	0.000418
4.871000	0.000050
4.872000	-0.000318
4.873000	-0.000685
4.874000	-0.001051
4.875000	-0.001417
4.876000	-0.001782
4.877000	-0.002146
4.878000	-0.002509
4.879000	-0.002872
4.880000	-0.003233
4.881000	-0.003594
4.882000	-0.003953
4.883000	-0.004312
4.884000	-0.004669
4.885000	-0.005025
4.886000	-0.005380
4.887000	-0.005734
4.888000	-0.006086
4.889000	-0.006437
4.890000	-0.006787
4.891000	-0.007135
4.892000	-0.007482
4.893000	-0.007827
4.894000	-0.008170
4.895000	-0.008512
4.896000	-0.008852
4.897000	-0.009190
4.898000	-0.009527
4.899000	-0.009861
4.900000	-0.010194
4.901000	-0.010525
4.902000	-0.010854
4.903000	-0.011181
4.904000	-0.011506
4.905000	-0.011828
4.906000	-0.012149
4.907000	-0.012467
4.908000	-0.012783
4.909000	-0.013097
4.910000	-0.013409
4.911000	-0.013718
4.912000	-0.014025
4.913000	-0.014329
4.914000	-0.014631
4.915000	-0.014930
4.916000	-0.015227
4.917000	-0.015521
4.918000	-0.015812
4.919000	-0.016101
4.920000	-0.016387
4.921000	-0.016671
4.922000	-0.016951
4.923000	-0.017229
4.924000	-0.017504
4.925000	-0.017776
4.926000	-0.018045
4.927000	-0.018311
4.928000	-0.018575
4.929000	-0.018835
4.930000	-0.019092
4.931000	-0.019346
4.932000	-0.019597
4.933000	-0.019844
4.934000	-0.020089
4.935000	-0.020330
4.936000	-0.020568
4.937000	-0.020803
4.938000	-0.021035
4.939000	-0.021263
4.940000	-0.021487
4.941000	-0.021709
4.942000	-0.021927
4.943000	-0.022141
4.944000	-0.022352
4.945000	-0.022560
4.946000	-0.022764
4.947000	-0.022965
4.948000	-0.023162
4.949000	-0.023355
4.950000	-0.023545
4.951000	-0.023731
4.952000	-0.023913
4.953000	-0.024092
4.954000	-0.024267
4.955000	-0.024438
4.956000	-0.024606
4.957000	-0.024770
4.958000	-0.024930
4.959000	-0.025087
4.960000	-0.025239
4.961000	-0.025388
4.962000	-0.025533
4.963000	-0.025674
4.964000	-0.025811
4.965000	-0.025944
4.966000	-0.026074
4.967000	-0.026199
4.968000	-0.026321
4.969000	-0.026438
4.970000	-0.026552
4.971000	-0.026662
4.972000	-0.026767
4.973000	-0.026869
4.974000	-0.026967
4.975000	-0.027061
4.976000	-0.027151
4.977000	-0.027236
4.978000	-0.027318
4.979000	-0.027396
4.980000	-0.027470
4.981000	-0.027540
4.982000	-0.027605
4.983000	-0.027667
4.984000	-0.027725
4.985000	-0.027778
4.986000	-0.027828
4.987000	-0.027873
4.988000	-0.027915
4.989000	-0.027952
4.990000	-0.027986
4.991000	-0.028015
4.992000	-0.028040
4.993000	-0.028062
4.994000	-0.028079
4.995000	-0.028092
4.996000	-0.028101
4.997000	-0.028106
4.998000	-0.028108
4.999000	-0.028105
