0.000000	1.000000
0.001000	0.999215
0.002000	0.998288
0.003000	0.997220
0.004000	0.996011
0.005000	0.994661
0.006000	0.993171
0.007000	0.991542
0.008000	0.989773
0.009000	0.987865
0.010000	0.985819
0.011000	0.983635
0.012000	0.981314
0.013000	0.978855
0.014000	0.976261
0.015000	0.973530
0.016000	0.970665
0.017000	0.967665
0.018000	0.964531
0.019000	0.961263
0.020000	0.957863
0.021000	0.954331
0.022000	0.950668
0.023000	0.946874
0.024000	0.942950
0.025000	0.938897
0.026000	0.934716
0.027000	0.930407
0.028000	0.925972
0.029000	0.921411
0.030000	0.916724
0.031000	0.911913
0.032000	0.906979
0.033000	0.901922
0.034000	0.896744
0.035000	0.891445
0.036000	0.886026
0.037000	0.880488
0.038000	0.874833
0.039000	0.869060
0.040000	0.863172
0.041000	0.857169
0.042000	0.851051
0.043000	0.844821
0.044000	0.838480
0.045000	0.832027
0.046000	0.825465
0.047000	0.818794
0.048000	0.812016
0.049000	0.805132
0.050000	0.798142
0.051000	0.791049
0.052000	0.783852
0.053000	0.776554
0.054000	0.769155
0.055000	0.761657
0.056000	0.754061
0.057000	0.746368
0.058000	0.738579
0.059000	0.730696
0.060000	0.722720
0.061000	0.714652
0.062000	0.706493
0.063000	0.698245
0.064000	0.689910
0.065000	0.681487
0.066000	0.672979
0.067000	0.664388
0.068000	0.655713
0.069000	0.646958
0.070000	0.638122
0.071000	0.629208
0.072000	0.620216
0.073000	0.611149
0.074000	0.602008
0.075000	0.592794
0.076000	0.583508
0.077000	0.574152
0.078000	0.564727
0.079000	0.555235
0.080000	0.545678
0.081000	0.536056
0.082000	0.526371
0.083000	0.516625
0.084000	0.506819
0.085000	0.496955
0.086000	0.487033
0.087000	0.477057
0.088000	0.467026
0.089000	0.456943
0.090000	0.446809
0.091000	0.436626
0.092000	0.426395
0.093000	0.416118
0.094000	0.405796
0.095000	0.395430
0.096000	0.385023
0.097000	0.374576
0.098000	0.364091
0.099000	0.353568
0.100000	0.343010
0.101000	0.332418
0.102000	0.321793
0.103000	0.311138
0.104000	0.300453
0.105000	0.289741
0.106000	0.279003
0.107000	0.268240
0.108000	0.257454
0.109000	0.246647
0.110000	0.235820
0.111000	0.224975
0.112000	0.214113
0.113000	0.203237
0.114000	0.192346
0.115000	0.181444
0.116000	0.170532
0.117000	0.159610
0.118000	0.148682
0.119000	0.137747
0.120000	0.126809
0.121000	0.115868
0.122000	0.104927
0.123000	0.093986
0.124000	0.083047
0.125000	0.072112
0.126000	0.061182
0.127000	0.050259
0.128000	0.039345
0.129000	0.028440
0.130000	0.017547
0.131000	0.006668
0.132000	-0.004198
0.133000	-0.015047
0.134000	-0.025878
0.135000	-0.036691
0.136000	-0.047482
0.137000	-0.058252
0.138000	-0.068998
0.139000	-0.079718
0.140000	-0.090412
0.141000	-0.101078
0.142000	-0.111714
0.143000	-0.122319
0.144000	-0.132891
0.145000	-0.143429
0.146000	-0.153932
0.147000	-0.164397
0.148000	-0.174824
0.149000	-0.185212
0.150000	-0.195557
0.151000	-0.205861
0.152000	-0.216120
0.153000	-0.226333
0.154000	-0.236500
0.155000	-0.246619
0.156000	-0.256687
0.157000	-0.266705
0.158000	-0.276670
0.159000	-0.286582
0.160000	-0.296438
0.161000	-0.306238
0.162000	-0.315980
0.163000	-0.325663
0.164000	-0.335286
0.165000	-0.344847
0.166000	-0.354345
0.167000	-0.363779
0.168000	-0.373148
0.169000	-0.382450
0.170000	-0.391684
0.171000	-0.400848
0.172000	-0.409943
0.173000	-0.418966
0.174000	-0.427916
0.175000	-0.436792
0.176000	-0.445593
0.177000	-0.454318
0.178000	-0.462966
0.179000	-0.471535
0.180000	-0.480024
0.181000	-0.488433
0.182000	-0.496760
0.183000	-0.505004
0.184000	-0.513164
0.185000	-0.521240
0.186000	-0.529229
0.187000	-0.537131
0.188000	-0.544945
0.189000	-0.552670
0.190000	-0.560306
0.191000	-0.567850
0.192000	-0.575302
0.193000	-0.582662
0.194000	-0.589927
0.195000	-0.597098
0.196000	-0.604174
0.197000	-0.611153
0.198000	-0.618035
0.199000	-0.624819
0.200000	-0.631504
0.201000	-0.638089
0.202000	-0.644573
0.203000	-0.650956
0.204000	-0.657237
0.205000	-0.663415
0.206000	-0.669490
0.207000	-0.675460
0.208000	-0.681325
0.209000	-0.687085
0.210000	-0.692738
0.211000	-0.698284
0.212000	-0.703722
0.213000	-0.709052
0.214000	-0.714273
0.215000	-0.719385
0.216000	-0.724387
0.217000	-0.729278
0.218000	-0.734058
0.219000	-0.738726
0.220000	-0.743282
0.221000	-0.747725
0.222000	-0.752055
0.223000	-0.756271
0.224000	-0.760374
0.225000	-0.764361
0.226000	-0.768234
0.227000	-0.771992
0.228000	-0.775634
0.229000	-0.779160
0.230000	-0.782570
0.231000	-0.785863
0.232000	-0.789039
0.233000	-0.792098
0.234000	-0.795039
0.235000	-0.797863
0.236000	-0.800568
0.237000	-0.803155
0.238000	-0.805624
0.239000	-0.807975
0.240000	-0.810206
0.241000	-0.812318
0.242000	-0.814312
0.243000	-0.816186
0.244000	-0.817941
0.245000	-0.819577
0.246000	-0.821093
0.247000	-0.822490
0.248000	-0.823767
0.249000	-0.824925
0.250000	-0.825963
0.251000	-0.826882
0.252000	-0.827681
0.253000	-0.828361
0.254000	-0.828922
0.255000	-0.829363
0.256000	-0.829685
0.257000	-0.829889
0.258000	-0.829973
0.259000	-0.829939
0.260000	-0.829786
0.261000	-0.829515
0.262000	-0.829126
0.263000	-0.828619
0.264000	-0.827994
0.265000	-0.827252
0.266000	-0.826393
0.267000	-0.825417
0.268000	-0.824324
0.269000	-0.823115
0.270000	-0.821791
0.271000	-0.820351
0.272000	-0.818795
0.273000	-0.817125
0.274000	-0.815341
0.275000	-0.813443
0.276000	-0.811431
0.277000	-0.809306
0.278000	-0.807069
0.279000	-0.804719
0.280000	-0.802258
0.281000	-0.799686
0.282000	-0.797003
0.283000	-0.794210
0.284000	-0.791308
0.285000	-0.788297
0.286000	-0.785177
0.287000	-0.781950
0.288000	-0.778616
0.289000	-0.775175
0.290000	-0.771628
0.291000	-0.767977
0.292000	-0.764220
0.293000	-0.760360
0.294000	-0.756397
0.295000	-0.752332
0.296000	-0.748165
0.297000	-0.743896
0.298000	-0.739528
0.299000	-0.735060
0.300000	-0.730494
0.301000	-0.725830
0.302000	-0.721069
0.303000	-0.716211
0.304000	-0.711258
0.305000	-0.706211
0.306000	-0.701070
0.307000	-0.695836
0.308000	-0.690510
0.309000	-0.685094
0.310000	-0.679587
0.311000	-0.673991
0.312000	-0.668306
0.313000	-0.662534
0.314000	-0.656676
0.315000	-0.650733
0.316000	-0.644705
0.317000	-0.638593
0.318000	-0.632399
0.319000	-0.626123
0.320000	-0.619767
0.321000	-0.613332
0.322000	-0.606818
0.323000	-0.600227
0.324000	-0.593559
0.325000	-0.586816
0.326000	-0.579999
0.327000	-0.573109
0.328000	-0.566146
0.329000	-0.559113
0.330000	-0.552010
0.331000	-0.544838
0.332000	-0.537599
0.333000	-0.530293
0.334000	-0.522922
0.335000	-0.515487
0.336000	-0.507989
0.337000	-0.500429
0.338000	-0.492808
0.339000	-0.485127
0.340000	-0.477389
0.341000	-0.469593
0.342000	-0.461741
0.343000	-0.453835
0.344000	-0.445874
0.345000	-0.437862
0.346000	-0.429799
0.347000	-0.421685
0.348000	-0.413523
0.349000	-0.405314
0.350000	-0.397058
0.351000	-0.388758
0.352000	-0.380413
0.353000	-0.372027
0.354000	-0.363599
0.355000	-0.355131
0.356000	-0.346625
0.357000	-0.338081
0.358000	-0.329501
0.359000	-0.320887
0.360000	-0.312239
0.361000	-0.303558
0.362000	-0.294847
0.363000	-0.286106
0.364000	-0.277336
0.365000	-0.268540
0.366000	-0.259718
0.367000	-0.250871
0.368000	-0.242001
0.369000	-0.233109
0.370000	-0.224196
0.371000	-0.215264
0.372000	-0.206315
0.373000	-0.197348
0.374000	-0.188366
0.375000	-0.179370
0.376000	-0.170362
0.377000	-0.161341
0.378000	-0.152311
0.379000	-0.143272
0.380000	-0.134225
0.381000	-0.125172
0.382000	-0.116114
0.383000	-0.107053
0.384000	-0.097989
0.385000	-0.088924
0.386000	-0.079859
0.387000	-0.070796
0.388000	-0.061735
0.389000	-0.052679
0.390000	-0.043628
0.391000	-0.034584
0.392000	-0.025548
0.393000	-0.016521
0.394000	-0.007504
0.395000	0.001500
0.396000	0.010492
0.397000	0.019469
0.398000	0.028430
0.399000	0.037375
0.400000	0.046302
0.401000	0.055209
0.402000	0.064095
0.403000	0.072960
0.404000	0.081802
0.405000	0.090619
0.406000	0.099411
0.407000	0.108176
0.408000	0.116913
0.409000	0.125621
0.410000	0.134298
0.411000	0.142944
0.412000	0.151557
0.413000	0.160137
0.414000	0.168681
0.415000	0.177188
0.416000	0.185659
0.417000	0.194090
0.418000	0.202482
0.419000	0.210833
0.420000	0.219142
0.421000	0.227408
0.422000	0.235629
0.423000	0.243805
0.424000	0.251935
0.425000	0.260017
0.426000	0.268050
0.427000	0.276033
0.428000	0.283966
0.429000	0.291847
0.430000	0.299675
0.431000	0.307448
0.432000	0.315167
0.433000	0.322830
0.434000	0.330436
0.435000	0.337983
0.436000	0.345472
0.437000	0.352900
0.438000	0.360267
0.439000	0.367573
0.440000	0.374815
0.441000	0.381994
0.442000	0.389108
0.443000	0.396156
0.444000	0.403137
0.445000	0.410051
0.446000	0.416896
0.447000	0.423672
0.448000	0.430378
0.449000	0.437013
0.450000	0.443576
0.451000	0.450066
0.452000	0.456482
0.453000	0.462824
0.454000	0.469091
0.455000	0.475282
0.456000	0.481397
0.457000	0.487433
0.458000	0.493392
0.459000	0.499271
0.460000	0.505071
0.461000	0.510791
0.462000	0.516429
0.463000	0.521985
0.464000	0.527459
0.465000	0.532850
0.466000	0.538156
0.467000	0.543379
0.468000	0.548516
0.469000	0.553568
0.470000	0.558533
0.471000	0.563412
0.472000	0.568203
0.473000	0.572906
0.474000	0.577520
0.475000	0.582045
0.476000	0.586481
0.477000	0.590826
0.478000	0.595081
0.479000	0.599245
0.480000	0.603318
0.481000	0.607298
0.482000	0.611186
0.483000	0.614981
0.484000	0.618683
0.485000	0.622291
0.486000	0.625805
0.487000	0.629224
0.488000	0.632549
0.489000	0.635779
0.490000	0.638913
0.491000	0.641951
0.492000	0.644894
0.493000	0.647740
0.494000	0.650490
0.495000	0.653142
0.496000	0.655698
0.497000	0.658156
0.498000	0.660517
0.499000	0.662780
0.500000	0.664945
0.501000	0.667012
0.502000	0.668981
0.503000	0.670851
0.504000	0.672623
0.505000	0.674296
0.506000	0.675870
0.507000	0.677346
0.508000	0.678723
0.509000	0.680001
0.510000	0.681180
0.511000	0.682260
0.512000	0.683241
0.513000	0.684123
0.514000	0.684906
0.515000	0.685590
0.516000	0.686175
0.517000	0.686661
0.518000	0.687048
0.519000	0.687337
0.520000	0.687527
0.521000	0.687619
0.522000	0.687612
0.523000	0.687507
0.524000	0.687304
0.525000	0.687003
0.526000	0.686604
0.527000	0.686108
0.528000	0.685515
0.529000	0.684824
0.530000	0.684037
0.531000	0.683153
0.532000	0.682173
0.533000	0.681096
0.534000	0.679924
0.535000	0.678656
0.536000	0.677294
0.537000	0.675836
0.538000	0.674284
0.539000	0.672638
0.540000	0.670898
0.541000	0.669065
0.542000	0.667139
0.543000	0.665120
0.544000	0.663009
0.545000	0.660807
0.546000	0.658513
0.547000	0.656128
0.548000	0.653653
0.549000	0.651089
0.550000	0.648434
0.551000	0.645691
0.552000	0.642860
0.553000	0.639941
0.554000	0.636935
0.555000	0.633842
0.556000	0.630663
0.557000	0.627398
0.558000	0.624048
0.559000	0.620614
0.560000	0.617096
0.561000	0.613495
0.562000	0.609812
0.563000	0.606047
0.564000	0.602200
0.565000	0.598273
0.566000	0.594266
0.567000	0.590180
0.568000	0.586016
0.569000	0.581773
0.570000	0.577454
0.571000	0.573058
0.572000	0.568587
0.573000	0.564041
0.574000	0.559421
0.575000	0.554727
0.576000	0.549961
0.577000	0.545124
0.578000	0.540215
0.579000	0.535236
0.580000	0.530188
0.581000	0.525071
0.582000	0.519886
0.583000	0.514635
0.584000	0.509318
0.585000	0.503935
0.586000	0.498488
0.587000	0.492978
0.588000	0.487405
0.589000	0.481771
0.590000	0.476076
0.591000	0.470320
0.592000	0.464506
0.593000	0.458634
0.594000	0.452705
0.595000	0.446719
0.596000	0.440679
0.597000	0.434584
0.598000	0.428435
0.599000	0.422234
0.600000	0.415982
0.601000	0.409679
0.602000	0.403327
0.603000	0.396926
0.604000	0.390477
0.605000	0.383982
0.606000	0.377442
0.607000	0.370857
0.608000	0.364228
0.609000	0.357557
0.610000	0.350844
0.611000	0.344090
0.612000	0.337297
0.613000	0.330466
0.614000	0.323597
0.615000	0.316692
0.616000	0.309751
0.617000	0.302776
0.618000	0.295768
0.619000	0.288728
0.620000	0.281656
0.621000	0.274554
0.622000	0.267423
0.623000	0.260264
0.624000	0.253078
0.625000	0.245867
0.626000	0.238630
0.627000	0.231370
0.628000	0.224087
0.629000	0.216782
0.630000	0.209457
0.631000	0.202112
0.632000	0.194750
0.633000	0.187369
0.634000	0.179973
0.635000	0.172561
0.636000	0.165135
0.637000	0.157697
0.638000	0.150246
0.639000	0.142785
0.640000	0.135313
0.641000	0.127834
0.642000	0.120346
0.643000	0.112852
0.644000	0.105353
0.645000	0.097849
0.646000	0.090343
0.647000	0.082833
0.648000	0.075323
0.649000	0.067813
0.650000	0.060304
0.651000	0.052797
0.652000	0.045293
0.653000	0.037793
0.654000	0.030299
0.655000	0.022811
0.656000	0.015330
0.657000	0.007858
0.658000	0.000396
0.659000	-0.007056
0.660000	-0.014496
0.661000	-0.021924
0.662000	-0.029337
0.663000	-0.036736
0.664000	-0.044119
0.665000	-0.051486
0.666000	-0.058834
0.667000	-0.066164
0.668000	-0.073473
0.669000	-0.080762
0.670000	-0.088029
0.671000	-0.095272
0.672000	-0.102492
0.673000	-0.109687
0.674000	-0.116856
0.675000	-0.123998
0.676000	-0.131112
0.677000	-0.138197
0.678000	-0.145252
0.679000	-0.152277
0.680000	-0.159270
0.681000	-0.166229
0.682000	-0.173156
0.683000	-0.180047
0.684000	-0.186903
0.685000	-0.193723
0.686000	-0.200505
0.687000	-0.207249
0.688000	-0.213953
0.689000	-0.220618
0.690000	-0.227241
0.691000	-0.233823
0.692000	-0.240361
0.693000	-0.246856
0.694000	-0.253307
0.695000	-0.259712
0.696000	-0.266070
0.697000	-0.272382
0.698000	-0.278646
0.699000	-0.284861
0.700000	-0.291026
0.701000	-0.297141
0.702000	-0.303205
0.703000	-0.309217
0.704000	-0.315176
0.705000	-0.321082
0.706000	-0.326933
0.707000	-0.332729
0.708000	-0.338470
0.709000	-0.344153
0.710000	-0.349780
0.711000	-0.355348
0.712000	-0.360858
0.713000	-0.366309
0.714000	-0.371699
0.715000	-0.377028
0.716000	-0.382297
0.717000	-0.387502
0.718000	-0.392645
0.719000	-0.397725
0.720000	-0.402741
0.721000	-0.407692
0.722000	-0.412577
0.723000	-0.417397
0.724000	-0.422150
0.725000	-0.426836
0.726000	-0.431454
0.727000	-0.436004
0.728000	-0.440486
0.729000	-0.444898
0.730000	-0.449240
0.731000	-0.453512
0.732000	-0.457712
0.733000	-0.461842
0.734000	-0.465900
0.735000	-0.469885
0.736000	-0.473797
0.737000	-0.477636
0.738000	-0.481402
0.739000	-0.485093
0.740000	-0.488710
0.741000	-0.492252
0.742000	-0.495718
0.743000	-0.499109
0.744000	-0.502423
0.745000	-0.505661
0.746000	-0.508822
0.747000	-0.511906
0.748000	-0.514912
0.749000	-0.517841
0.750000	-0.520691
0.751000	-0.523463
0.752000	-0.526156
0.753000	-0.528770
0.754000	-0.531305
0.755000	-0.533760
0.756000	-0.536136
0.757000	-0.538431
0.758000	-0.540647
0.759000	-0.542782
0.760000	-0.544836
0.761000	-0.546810
0.762000	-0.548702
0.763000	-0.550514
0.764000	-0.552244
0.765000	-0.553893
0.766000	-0.555461
0.767000	-0.556947
0.768000	-0.558351
0.769000	-0.559673
0.770000	-0.560914
0.771000	-0.562073
0.772000	-0.563149
0.773000	-0.564144
0.774000	-0.565057
0.775000	-0.565888
0.776000	-0.566636
0.777000	-0.567303
0.778000	-0.567888
0.779000	-0.568390
0.780000	-0.568811
0.781000	-0.569150
0.782000	-0.569407
0.783000	-0.569583
0.784000	-0.569677
0.785000	-0.569689
0.786000	-0.569620
0.787000	-0.569470
0.788000	-0.569238
0.789000	-0.568926
0.790000	-0.568532
0.791000	-0.568058
0.792000	-0.567504
0.793000	-0.566869
0.794000	-0.566154
0.795000	-0.565360
0.796000	-0.564485
0.797000	-0.563532
0.798000	-0.562499
0.799000	-0.561387
0.800000	-0.560197
0.801000	-0.558928
0.802000	-0.557581
0.803000	-0.556157
0.804000	-0.554655
0.805000	-0.553076
0.806000	-0.551421
0.807000	-0.549689
0.808000	-0.547880
0.809000	-0.545997
0.810000	-0.544037
0.811000	-0.542003
0.812000	-0.539895
0.813000	-0.537712
0.814000	-0.535456
0.815000	-0.533126
0.816000	-0.530724
0.817000	-0.528249
0.818000	-0.525702
0.819000	-0.523084
0.820000	-0.520394
0.821000	-0.517635
0.822000	-0.514805
0.823000	-0.511906
0.824000	-0.508937
0.825000	-0.505901
0.826000	-0.502796
0.827000	-0.499624
0.828000	-0.496385
0.829000	-0.493080
0.830000	-0.489709
0.831000	-0.486273
0.832000	-0.482772
0.833000	-0.479208
0.834000	-0.475580
0.835000	-0.471889
0.836000	-0.468137
0.837000	-0.464322
0.838000	-0.460447
0.839000	-0.456512
0.840000	-0.452516
0.841000	-0.448462
0.842000	-0.444350
0.843000	-0.440180
0.844000	-0.435954
0.845000	-0.431671
0.846000	-0.427332
0.847000	-0.422939
0.848000	-0.418491
0.849000	-0.413990
0.850000	-0.409436
0.851000	-0.404831
0.852000	-0.400174
0.853000	-0.395466
0.854000	-0.390709
0.855000	-0.385903
0.856000	-0.381048
0.857000	-0.376146
0.858000	-0.371197
0.859000	-0.366203
0.860000	-0.361163
0.861000	-0.356078
0.862000	-0.350950
0.863000	-0.345780
0.864000	-0.340567
0.865000	-0.335313
0.866000	-0.330019
0.867000	-0.324685
0.868000	-0.319312
0.869000	-0.313902
0.870000	-0.308454
0.871000	-0.302970
0.872000	-0.297450
0.873000	-0.291896
0.874000	-0.286309
0.875000	-0.280688
0.876000	-0.275035
0.877000	-0.269351
0.878000	-0.263637
0.879000	-0.257893
0.880000	-0.252120
0.881000	-0.246320
0.882000	-0.240493
0.883000	-0.234640
0.884000	-0.228761
0.885000	-0.222859
0.886000	-0.216932
0.887000	-0.210984
0.888000	-0.205014
0.889000	-0.199023
0.890000	-0.193012
0.891000	-0.186982
0.892000	-0.180934
0.893000	-0.174869
0.894000	-0.168787
0.895000	-0.162690
0.896000	-0.156579
0.897000	-0.150454
0.898000	-0.144316
0.899000	-0.138166
0.900000	-0.132006
0.901000	-0.125835
0.902000	-0.119655
0.903000	-0.113467
0.904000	-0.107272
0.905000	-0.101070
0.906000	-0.094862
0.907000	-0.088650
0.908000	-0.082434
0.909000	-0.076215
0.910000	-0.069994
0.911000	-0.063772
0.912000	-0.057550
0.913000	-0.051329
0.914000	-0.045109
0.915000	-0.038891
0.916000	-0.032677
0.917000	-0.026467
0.918000	-0.020262
0.919000	-0.014063
0.920000	-0.007871
0.921000	-0.001686
0.922000	0.004489
0.923000	0.010656
0.924000	0.016812
0.925000	0.022957
0.926000	0.029089
0.927000	0.035209
0.928000	0.041315
0.929000	0.047407
0.930000	0.053483
0.931000	0.059542
0.932000	0.065585
0.933000	0.071609
0.934000	0.077615
0.935000	0.083601
0.936000	0.089566
0.937000	0.095511
0.938000	0.101433
0.939000	0.107332
0.940000	0.113207
0.941000	0.119058
0.942000	0.124883
0.943000	0.130682
0.944000	0.136455
0.945000	0.142199
0.946000	0.147915
0.947000	0.153602
0.948000	0.159259
0.949000	0.164884
0.950000	0.170479
0.951000	0.176040
0.952000	0.181569
0.953000	0.187064
0.954000	0.192525
0.955000	0.197950
0.956000	0.203339
0.957000	0.208691
0.958000	0.214006
0.959000	0.219282
0.960000	0.224520
0.961000	0.229718
0.962000	0.234876
0.963000	0.239994
0.964000	0.245069
0.965000	0.250102
0.966000	0.255093
0.967000	0.260039
0.968000	0.264942
0.969000	0.269800
0.970000	0.274612
0.971000	0.279378
0.972000	0.284097
0.973000	0.288769
0.974000	0.293393
0.975000	0.297969
0.976000	0.302495
0.977000	0.306972
0.978000	0.311399
0.979000	0.315774
0.980000	0.320099
0.981000	0.324371
0.982000	0.328591
0.983000	0.332758
0.984000	0.336872
0.985000	0.340932
0.986000	0.344937
0.987000	0.348887
0.988000	0.352781
0.989000	0.356620
0.990000	0.360402
0.991000	0.364127
0.992000	0.367795
0.993000	0.371406
0.994000	0.374958
0.995000	0.378451
0.996000	0.381885
0.997000	0.385260
0.998000	0.388575
0.999000	0.391830
1.000000	0.395024
1.001000	0.398157
1.002000	0.401229
1.003000	0.404239
1.004000	0.407187
1.005000	0.410072
1.006000	0.412895
1.007000	0.415655
1.008000	0.418352
1.009000	0.420985
1.010000	0.423554
1.011000	0.426058
1.012000	0.428499
1.013000	0.430875
1.014000	0.433185
1.015000	0.435431
1.016000	0.437611
1.017000	0.439726
1.018000	0.441774
1.019000	0.443757
1.020000	0.445673
1.021000	0.447523
1.022000	0.449307
1.023000	0.451024
1.024000	0.452674
1.025000	0.454256
1.026000	0.455772
1.027000	0.457220
1.028000	0.458601
1.029000	0.459915
1.030000	0.461161
1.031000	0.462339
1.032000	0.463450
1.033000	0.464492
1.034000	0.465467
1.035000	0.466374
1.036000	0.467213
1.037000	0.467985
1.038000	0.468688
1.039000	0.469323
1.040000	0.469890
1.041000	0.470390
1.042000	0.470821
1.043000	0.471185
1.044000	0.471480
1.045000	0.471708
1.046000	0.471868
1.047000	0.471961
1.048000	0.471986
1.049000	0.471944
1.050000	0.471834
1.051000	0.471657
1.052000	0.471413
1.053000	0.471102
1.054000	0.470724
1.055000	0.470279
1.056000	0.469768
1.057000	0.469190
1.058000	0.468546
1.059000	0.467836
1.060000	0.467061
1.061000	0.466219
1.062000	0.465313
1.063000	0.464341
1.064000	0.463304
1.065000	0.462202
1.066000	0.461036
1.067000	0.459806
1.068000	0.458512
1.069000	0.457154
1.070000	0.455733
1.071000	0.454249
1.072000	0.452702
1.073000	0.451093
1.074000	0.449421
1.075000	0.447688
1.076000	0.445893
1.077000	0.444037
1.078000	0.442120
1.079000	0.440143
1.080000	0.438105
1.081000	0.436009
1.082000	0.433852
1.083000	0.431637
1.084000	0.429364
1.085000	0.427032
1.086000	0.424642
1.087000	0.422196
1.088000	0.419692
1.089000	0.417133
1.090000	0.414517
1.091000	0.411845
1.092000	0.409119
1.093000	0.406338
1.094000	0.403503
1.095000	0.400615
1.096000	0.397673
1.097000	0.394679
1.098000	0.391633
1.099000	0.388535
1.100000	0.385386
1.101000	0.382186
1.102000	0.378937
1.103000	0.375638
1.104000	0.372290
1.105000	0.368893
1.106000	0.365449
1.107000	0.361958
1.108000	0.358419
1.109000	0.354835
1.110000	0.351205
1.111000	0.347530
1.112000	0.343811
1.113000	0.340047
1.114000	0.336241
1.115000	0.332392
1.116000	0.328501
1.117000	0.324569
1.118000	0.320596
1.119000	0.316583
1.120000	0.312530
1.121000	0.308438
1.122000	0.304309
1.123000	0.300141
1.124000	0.295937
1.125000	0.291696
1.126000	0.287420
1.127000	0.283109
1.128000	0.278764
1.129000	0.274385
1.130000	0.269973
1.131000	0.265529
1.132000	0.261053
1.133000	0.256546
1.134000	0.252009
1.135000	0.247443
1.136000	0.242848
1.137000	0.238224
1.138000	0.233573
1.139000	0.228896
1.140000	0.224192
1.141000	0.219464
1.142000	0.214710
1.143000	0.209933
1.144000	0.205132
1.145000	0.200309
1.146000	0.195465
1.147000	0.190599
1.148000	0.185713
1.149000	0.180808
1.150000	0.175883
1.151000	0.170941
1.152000	0.165981
1.153000	0.161005
1.154000	0.156012
1.155000	0.151005
1.156000	0.145983
1.157000	0.140948
1.158000	0.135899
1.159000	0.130838
1.160000	0.125766
1.161000	0.120683
1.162000	0.115590
1.163000	0.110488
1.164000	0.105378
1.165000	0.100259
1.166000	0.095134
1.167000	0.090003
1.168000	0.084865
1.169000	0.079723
1.170000	0.074578
1.171000	0.069428
1.172000	0.064276
1.173000	0.059123
1.174000	0.053968
1.175000	0.048813
1.176000	0.043658
1.177000	0.038505
1.178000	0.033353
1.179000	0.028204
1.180000	0.023058
1.181000	0.017916
1.182000	0.012779
1.183000	0.007648
1.184000	0.002523
1.185000	-0.002595
1.186000	-0.007706
1.187000	-0.012808
1.188000	-0.017901
1.189000	-0.022984
1.190000	-0.028057
1.191000	-0.033118
1.192000	-0.038168
1.193000	-0.043205
1.194000	-0.048228
1.195000	-0.053237
1.196000	-0.058232
1.197000	-0.063211
1.198000	-0.068174
1.199000	-0.073120
1.200000	-0.078049
1.201000	-0.082959
1.202000	-0.087851
1.203000	-0.092723
1.204000	-0.097575
1.205000	-0.102406
1.206000	-0.107215
1.207000	-0.112002
1.208000	-0.116767
1.209000	-0.121508
1.210000	-0.126224
1.211000	-0.130916
1.212000	-0.135583
1.213000	-0.140224
1.214000	-0.144837
1.215000	-0.149424
1.216000	-0.153983
1.217000	-0.158513
1.218000	-0.163014
1.219000	-0.167486
1.220000	-0.171927
1.221000	-0.176337
1.222000	-0.180715
1.223000	-0.185062
1.224000	-0.189376
1.225000	-0.193657
1.226000	-0.197904
1.227000	-0.202116
1.228000	-0.206294
1.229000	-0.210436
1.230000	-0.214543
1.231000	-0.218612
1.232000	-0.222645
1.233000	-0.226640
1.234000	-0.230598
1.235000	-0.234516
1.236000	-0.238395
1.237000	-0.242235
1.238000	-0.246035
1.239000	-0.249794
1.240000	-0.253512
1.241000	-0.257189
1.242000	-0.260823
1.243000	-0.264415
1.244000	-0.267965
1.245000	-0.271470
1.246000	-0.274933
1.247000	-0.278350
1.248000	-0.281724
1.249000	-0.285052
1.250000	-0.288334
1.251000	-0.291571
1.252000	-0.294762
1.253000	-0.297905
1.254000	-0.301002
1.255000	-0.304052
1.256000	-0.307053
1.257000	-0.310007
1.258000	-0.312911
1.259000	-0.315768
1.260000	-0.318574
1.261000	-0.321332
1.262000	-0.324039
1.263000	-0.326697
1.264000	-0.329303
1.265000	-0.331860
1.266000	-0.334365
1.267000	-0.336818
1.268000	-0.339220
1.269000	-0.341571
1.270000	-0.343869
1.271000	-0.346114
1.272000	-0.348307
1.273000	-0.350447
1.274000	-0.352534
1.275000	-0.354568
1.276000	-0.356548
1.277000	-0.358474
1.278000	-0.360347
1.279000	-0.362165
1.280000	-0.363929
1.281000	-0.365638
1.282000	-0.367293
1.283000	-0.368892
1.284000	-0.370437
1.285000	-0.371927
1.286000	-0.373361
1.287000	-0.374741
1.288000	-0.376064
1.289000	-0.377332
1.290000	-0.378544
1.291000	-0.379701
1.292000	-0.380801
1.293000	-0.381846
1.294000	-0.382834
1.295000	-0.383767
1.296000	-0.384643
1.297000	-0.385463
1.298000	-0.386227
1.299000	-0.386934
1.300000	-0.387586
1.301000	-0.388181
1.302000	-0.388719
1.303000	-0.389202
1.304000	-0.389628
1.305000	-0.389998
1.306000	-0.390311
1.307000	-0.390568
1.308000	-0.390770
1.309000	-0.390915
1.310000	-0.391004
1.311000	-0.391037
1.312000	-0.391014
1.313000	-0.390935
1.314000	-0.390801
1.315000	-0.390611
1.316000	-0.390365
1.317000	-0.390064
1.318000	-0.389708
1.319000	-0.389296
1.320000	-0.388830
1.321000	-0.388308
1.322000	-0.387732
1.323000	-0.387102
1.324000	-0.386417
1.325000	-0.385677
1.326000	-0.384884
1.327000	-0.384037
1.328000	-0.383136
1.329000	-0.382182
1.330000	-0.381174
1.331000	-0.380114
1.332000	-0.379000
1.333000	-0.377834
1.334000	-0.376616
1.335000	-0.375346
1.336000	-0.374024
1.337000	-0.372650
1.338000	-0.371225
1.339000	-0.369750
1.340000	-0.368223
1.341000	-0.366646
1.342000	-0.365019
1.343000	-0.363342
1.344000	-0.361616
1.345000	-0.359840
1.346000	-0.358015
1.347000	-0.356142
1.348000	-0.354221
1.349000	-0.352252
1.350000	-0.350235
1.351000	-0.348172
1.352000	-0.346061
1.353000	-0.343904
1.354000	-0.341701
1.355000	-0.339452
1.356000	-0.337158
1.357000	-0.334819
1.358000	-0.332436
1.359000	-0.330009
1.360000	-0.327537
1.361000	-0.325023
1.362000	-0.322466
1.363000	-0.319866
1.364000	-0.317225
1.365000	-0.314541
1.366000	-0.311817
1.367000	-0.309052
1.368000	-0.306247
1.369000	-0.303402
1.370000	-0.300518
1.371000	-0.297595
1.372000	-0.294634
1.373000	-0.291635
1.374000	-0.288598
1.375000	-0.285525
1.376000	-0.282415
1.377000	-0.279269
1.378000	-0.276088
1.379000	-0.272872
1.380000	-0.269622
1.381000	-0.266337
1.382000	-0.263020
1.383000	-0.259669
1.384000	-0.256286
1.385000	-0.252872
1.386000	-0.249426
1.387000	-0.245950
1.388000	-0.242443
1.389000	-0.238907
1.390000	-0.235341
1.391000	-0.231747
1.392000	-0.228125
1.393000	-0.224476
1.394000	-0.220800
1.395000	-0.217097
1.396000	-0.213369
1.397000	-0.209616
1.398000	-0.205838
1.399000	-0.202036
1.400000	-0.198211
1.401000	-0.194363
1.402000	-0.190492
1.403000	-0.186600
1.404000	-0.182687
1.405000	-0.178753
1.406000	-0.174799
1.407000	-0.170826
1.408000	-0.166834
1.409000	-0.162825
1.410000	-0.158797
1.411000	-0.154753
1.412000	-0.150692
1.413000	-0.146616
1.414000	-0.142524
1.415000	-0.138418
1.416000	-0.134298
1.417000	-0.130165
1.418000	-0.126019
1.419000	-0.121861
1.420000	-0.117692
1.421000	-0.113511
1.422000	-0.109321
1.423000	-0.105121
1.424000	-0.100912
1.425000	-0.096694
1.426000	-0.092468
1.427000	-0.088236
1.428000	-0.083997
1.429000	-0.079752
1.430000	-0.075501
1.431000	-0.071246
1.432000	-0.066987
1.433000	-0.062724
1.434000	-0.058459
1.435000	-0.054191
1.436000	-0.049921
1.437000	-0.045651
1.438000	-0.041380
1.439000	-0.037109
1.440000	-0.032839
1.441000	-0.028571
1.442000	-0.024304
1.443000	-0.020040
1.444000	-0.015780
1.445000	-0.011523
1.446000	-0.007270
1.447000	-0.003023
1.448000	0.001219
1.449000	0.005454
1.450000	0.009683
1.451000	0.013904
1.452000	0.018117
1.453000	0.022322
1.454000	0.026517
1.455000	0.030703
1.456000	0.034878
1.457000	0.039043
1.458000	0.043195
1.459000	0.047336
1.460000	0.051464
1.461000	0.055579
1.462000	0.059680
1.463000	0.063766
1.464000	0.067838
1.465000	0.071894
1.466000	0.075934
1.467000	0.079958
1.468000	0.083964
1.469000	0.087952
1.470000	0.091923
1.471000	0.095874
1.472000	0.099806
1.473000	0.103719
1.474000	0.107610
1.475000	0.111481
1.476000	0.115331
1.477000	0.119158
1.478000	0.122963
1.479000	0.126745
1.480000	0.130504
1.481000	0.134238
1.482000	0.137948
1.483000	0.141633
1.484000	0.145293
1.485000	0.148926
1.486000	0.152533
1.487000	0.156113
1.488000	0.159666
1.489000	0.163191
1.490000	0.166687
1.491000	0.170155
1.492000	0.173593
1.493000	0.177002
1.494000	0.180380
1.495000	0.183728
1.496000	0.187045
1.497000	0.190330
1.498000	0.193584
1.499000	0.196805
1.500000	0.199993
1.501000	0.203149
1.502000	0.206271
1.503000	0.209359
1.504000	0.212412
1.505000	0.215431
1.506000	0.218415
1.507000	0.221363
1.508000	0.224276
1.509000	0.227152
1.510000	0.229992
1.511000	0.232794
1.512000	0.235560
1.513000	0.238288
1.514000	0.240978
1.515000	0.243630
1.516000	0.246243
1.517000	0.248817
1.518000	0.251352
1.519000	0.253848
1.520000	0.256303
1.521000	0.258719
1.522000	0.261094
1.523000	0.263429
1.524000	0.265722
1.525000	0.267974
1.526000	0.270185
1.527000	0.272354
1.528000	0.274481
1.529000	0.276566
1.530000	0.278608
1.531000	0.280607
1.532000	0.282564
1.533000	0.284477
1.534000	0.286348
1.535000	0.288174
1.536000	0.289957
1.537000	0.291695
1.538000	0.293390
1.539000	0.295040
1.540000	0.296646
1.541000	0.298207
1.542000	0.299723
1.543000	0.301194
1.544000	0.302621
1.545000	0.304001
1.546000	0.305337
1.547000	0.306627
1.548000	0.307871
1.549000	0.309070
1.550000	0.310222
1.551000	0.311329
1.552000	0.312389
1.553000	0.313404
1.554000	0.314372
1.555000	0.315294
1.556000	0.316170
1.557000	0.316999
1.558000	0.317782
1.559000	0.318518
1.560000	0.319208
1.561000	0.319851
1.562000	0.320447
1.563000	0.320997
1.564000	0.321500
1.565000	0.321957
1.566000	0.322366
1.567000	0.322730
1.568000	0.323046
1.569000	0.323316
1.570000	0.323540
1.571000	0.323717
1.572000	0.323847
1.573000	0.323931
1.574000	0.323969
1.575000	0.323960
1.576000	0.323905
1.577000	0.323804
1.578000	0.323656
1.579000	0.323463
1.580000	0.323224
1.581000	0.322938
1.582000	0.322608
1.583000	0.322231
1.584000	0.321809
1.585000	0.321342
1.586000	0.320829
1.587000	0.320272
1.588000	0.319669
1.589000	0.319021
1.590000	0.318329
1.591000	0.317593
1.592000	0.316812
1.593000	0.315987
1.594000	0.315118
1.595000	0.314205
1.596000	0.313249
1.597000	0.312249
1.598000	0.311206
1.599000	0.310120
1.600000	0.308991
1.601000	0.307820
1.602000	0.306607
1.603000	0.305351
1.604000	0.304054
1.605000	0.302715
1.606000	0.301335
1.607000	0.299913
1.608000	0.298451
1.609000	0.296948
1.610000	0.295405
1.611000	0.293822
1.612000	0.292200
1.613000	0.290538
1.614000	0.288836
1.615000	0.287096
1.616000	0.285318
1.617000	0.283501
1.618000	0.281646
1.619000	0.279754
1.620000	0.277824
1.621000	0.275858
1.622000	0.273854
1.623000	0.271815
1.624000	0.269740
1.625000	0.267629
1.626000	0.265483
1.627000	0.263302
1.628000	0.261086
1.629000	0.258837
1.630000	0.256554
1.631000	0.254237
1.632000	0.251887
1.633000	0.249505
1.634000	0.247090
1.635000	0.244644
1.636000	0.242166
1.637000	0.239657
1.638000	0.237117
1.639000	0.234547
1.640000	0.231948
1.641000	0.229318
1.642000	0.226660
1.643000	0.223974
1.644000	0.221259
1.645000	0.218516
1.646000	0.215746
1.647000	0.212949
1.648000	0.210126
1.649000	0.207277
1.650000	0.204402
1.651000	0.201503
1.652000	0.198578
1.653000	0.195629
1.654000	0.192657
1.655000	0.189661
1.656000	0.186643
1.657000	0.183602
1.658000	0.180539
1.659000	0.177455
1.660000	0.174350
1.661000	0.171225
1.662000	0.168079
1.663000	0.164914
1.664000	0.161730
1.665000	0.158527
1.666000	0.155307
1.667000	0.152068
1.668000	0.148813
1.669000	0.145541
1.670000	0.142253
1.671000	0.138949
1.672000	0.135630
1.673000	0.132297
1.674000	0.128949
1.675000	0.125588
1.676000	0.122213
1.677000	0.118826
1.678000	0.115427
1.679000	0.112016
1.680000	0.108594
1.681000	0.105162
1.682000	0.101719
1.683000	0.098267
1.684000	0.094805
1.685000	0.091335
1.686000	0.087857
1.687000	0.084371
1.688000	0.080879
1.689000	0.077379
1.690000	0.073874
1.691000	0.070363
1.692000	0.066847
1.693000	0.063327
1.694000	0.059802
1.695000	0.056274
1.696000	0.052743
1.697000	0.049209
1.698000	0.045674
1.699000	0.042137
1.700000	0.038599
1.701000	0.035061
1.702000	0.031522
1.703000	0.027985
1.704000	0.024448
1.705000	0.020913
1.706000	0.017379
1.707000	0.013849
1.708000	0.010321
1.709000	0.006797
1.710000	0.003278
1.711000	-0.000238
1.712000	-0.003748
1.713000	-0.007253
1.714000	-0.010751
1.715000	-0.014243
1.716000	-0.017729
1.717000	-0.021206
1.718000	-0.024676
1.719000	-0.028137
1.720000	-0.031589
1.721000	-0.035032
1.722000	-0.038464
1.723000	-0.041887
1.724000	-0.045298
1.725000	-0.048698
1.726000	-0.052087
1.727000	-0.055463
1.728000	-0.058826
1.729000	-0.062176
1.730000	-0.065513
1.731000	-0.068835
1.732000	-0.072143
1.733000	-0.075436
1.734000	-0.078713
1.735000	-0.081974
1.736000	-0.085219
1.737000	-0.088447
1.738000	-0.091658
1.739000	-0.094851
1.740000	-0.098026
1.741000	-0.101183
1.742000	-0.104320
1.743000	-0.107439
1.744000	-0.110537
1.745000	-0.113615
1.746000	-0.116673
1.747000	-0.119709
1.748000	-0.122724
1.749000	-0.125717
1.750000	-0.128688
1.751000	-0.131637
1.752000	-0.134562
1.753000	-0.137464
1.754000	-0.140342
1.755000	-0.143196
1.756000	-0.146026
1.757000	-0.148830
1.758000	-0.151610
1.759000	-0.154363
1.760000	-0.157091
1.761000	-0.159792
1.762000	-0.162467
1.763000	-0.165115
1.764000	-0.167735
1.765000	-0.170327
1.766000	-0.172892
1.767000	-0.175428
1.768000	-0.177935
1.769000	-0.180414
1.770000	-0.182863
1.771000	-0.185283
1.772000	-0.187672
1.773000	-0.190032
1.774000	-0.192361
1.775000	-0.194659
1.776000	-0.196926
1.777000	-0.199161
1.778000	-0.201365
1.779000	-0.203537
1.780000	-0.205677
1.781000	-0.207784
1.782000	-0.209859
1.783000	-0.211901
1.784000	-0.213909
1.785000	-0.215885
1.786000	-0.217826
1.787000	-0.219734
1.788000	-0.221607
1.789000	-0.223446
1.790000	-0.225251
1.791000	-0.227021
1.792000	-0.228756
1.793000	-0.230455
1.794000	-0.232120
1.795000	-0.233749
1.796000	-0.235342
1.797000	-0.236899
1.798000	-0.238420
1.799000	-0.239905
1.800000	-0.241354
1.801000	-0.242766
1.802000	-0.244141
1.803000	-0.245479
1.804000	-0.246781
1.805000	-0.248045
1.806000	-0.249272
1.807000	-0.250462
1.808000	-0.251614
1.809000	-0.252729
1.810000	-0.253806
1.811000	-0.254845
1.812000	-0.255846
1.813000	-0.256810
1.814000	-0.257735
1.815000	-0.258622
1.816000	-0.259471
1.817000	-0.260282
1.818000	-0.261054
1.819000	-0.261788
1.820000	-0.262483
1.821000	-0.263140
1.822000	-0.263759
1.823000	-0.264338
1.824000	-0.264880
1.825000	-0.265382
1.826000	-0.265846
1.827000	-0.266272
1.828000	-0.266658
1.829000	-0.267007
1.830000	-0.267316
1.831000	-0.267587
1.832000	-0.267819
1.833000	-0.268013
1.834000	-0.268168
1.835000	-0.268284
1.836000	-0.268362
1.837000	-0.268402
1.838000	-0.268403
1.839000	-0.268366
1.840000	-0.268290
1.841000	-0.268177
1.842000	-0.268025
1.843000	-0.267835
1.844000	-0.267607
1.845000	-0.267341
1.846000	-0.267038
1.847000	-0.266696
1.848000	-0.266317
1.849000	-0.265901
1.850000	-0.265447
1.851000	-0.264956
1.852000	-0.264428
1.853000	-0.263862
1.854000	-0.263260
1.855000	-0.262621
1.856000	-0.261946
1.857000	-0.261234
1.858000	-0.260486
1.859000	-0.259701
1.860000	-0.258881
1.861000	-0.258025
1.862000	-0.257133
1.863000	-0.256205
1.864000	-0.255243
1.865000	-0.254245
1.866000	-0.253213
1.867000	-0.252145
1.868000	-0.251044
1.869000	-0.249908
1.870000	-0.248737
1.871000	-0.247533
1.872000	-0.246296
1.873000	-0.245025
1.874000	-0.243721
1.875000	-0.242383
1.876000	-0.241013
1.877000	-0.239611
1.878000	-0.238176
1.879000	-0.236710
1.880000	-0.235212
1.881000	-0.233682
1.882000	-0.232121
1.883000	-0.230529
1.884000	-0.228906
1.885000	-0.227254
1.886000	-0.225570
1.887000	-0.223858
1.888000	-0.222115
1.889000	-0.220344
1.890000	-0.218543
1.891000	-0.216714
1.892000	-0.214856
1.893000	-0.212971
1.894000	-0.211057
1.895000	-0.209117
1.896000	-0.207149
1.897000	-0.205154
1.898000	-0.203133
1.899000	-0.201086
1.900000	-0.199013
1.901000	-0.196914
1.902000	-0.194791
1.903000	-0.192642
1.904000	-0.190469
1.905000	-0.188272
1.906000	-0.186052
1.907000	-0.183807
1.908000	-0.181540
1.909000	-0.179250
1.910000	-0.176938
1.911000	-0.174604
1.912000	-0.172248
1.913000	-0.169871
1.914000	-0.167473
1.915000	-0.165055
1.916000	-0.162616
1.917000	-0.160158
1.918000	-0.157680
1.919000	-0.155183
1.920000	-0.152668
1.921000	-0.150135
1.922000	-0.147583
1.923000	-0.145015
1.924000	-0.142429
1.925000	-0.139826
1.926000	-0.137208
1.927000	-0.134573
1.928000	-0.131923
1.929000	-0.129258
1.930000	-0.126578
1.931000	-0.123884
1.932000	-0.121177
1.933000	-0.118455
1.934000	-0.115721
1.935000	-0.112974
1.936000	-0.110215
1.937000	-0.107444
1.938000	-0.104662
1.939000	-0.101868
1.940000	-0.099064
1.941000	-0.096250
1.942000	-0.093427
1.943000	-0.090593
1.944000	-0.087752
1.945000	-0.084901
1.946000	-0.082043
1.947000	-0.079176
1.948000	-0.076303
1.949000	-0.073423
1.950000	-0.070536
1.951000	-0.067644
1.952000	-0.064746
1.953000	-0.061843
1.954000	-0.058935
1.955000	-0.056023
1.956000	-0.053107
1.957000	-0.050188
1.958000	-0.047265
1.959000	-0.044340
1.960000	-0.041413
1.961000	-0.038484
1.962000	-0.035554
1.963000	-0.032623
1.964000	-0.029692
1.965000	-0.026760
1.966000	-0.023829
1.967000	-0.020899
1.968000	-0.017970
1.969000	-0.015042
1.970000	-0.012116
1.971000	-0.009193
1.972000	-0.006273
1.973000	-0.003356
1.974000	-0.000443
1.975000	0.002466
1.976000	0.005371
1.977000	0.008271
1.978000	0.011165
1.979000	0.014054
1.980000	0.016936
1.981000	0.019812
1.982000	0.022681
1.983000	0.025543
1.984000	0.028397
1.985000	0.031243
1.986000	0.034080
1.987000	0.036909
1.988000	0.039728
1.989000	0.042537
1.990000	0.045337
1.991000	0.048125
1.992000	0.050903
1.993000	0.053670
1.994000	0.056425
1.995000	0.059168
1.996000	0.061899
1.997000	0.064617
1.998000	0.067322
1.999000	0.070013
2.000000	0.072691
2.001000	0.075354
2.002000	0.078003
2.003000	0.080637
2.004000	0.083256
2.005000	0.085859
2.006000	0.088445
2.007000	0.091016
2.008000	0.093570
2.009000	0.096107
2.010000	0.098627
2.011000	0.101128
2.012000	0.103612
2.013000	0.106078
2.014000	0.108525
2.015000	0.110953
2.016000	0.113361
2.017000	0.115750
2.018000	0.118119
2.019000	0.120468
2.020000	0.122796
2.021000	0.125103
2.022000	0.127389
2.023000	0.129654
2.024000	0.131896
2.025000	0.134117
2.026000	0.136316
2.027000	0.138492
2.028000	0.140645
2.029000	0.142774
2.030000	0.144881
2.031000	0.146963
2.032000	0.149022
2.033000	0.151057
2.034000	0.153067
2.035000	0.155052
2.036000	0.157012
2.037000	0.158947
2.038000	0.160857
2.039000	0.162741
2.040000	0.164598
2.041000	0.166430
2.042000	0.168236
2.043000	0.170014
2.044000	0.171766
2.045000	0.173491
2.046000	0.175189
2.047000	0.176859
2.048000	0.178501
2.049000	0.180116
2.050000	0.181703
2.051000	0.183261
2.052000	0.184791
2.053000	0.186292
2.054000	0.187765
2.055000	0.189209
2.056000	0.190623
2.057000	0.192009
2.058000	0.193365
2.059000	0.194691
2.060000	0.195988
2.061000	0.197255
2.062000	0.198492
2.063000	0.199698
2.064000	0.200875
2.065000	0.202021
2.066000	0.203137
2.067000	0.204222
2.068000	0.205276
2.069000	0.206299
2.070000	0.207292
2.071000	0.208253
2.072000	0.209184
2.073000	0.210083
2.074000	0.210951
2.075000	0.211787
2.076000	0.212592
2.077000	0.213366
2.078000	0.214107
2.079000	0.214818
2.080000	0.215496
2.081000	0.216143
2.082000	0.216758
2.083000	0.217341
2.084000	0.217893
2.085000	0.218412
2.086000	0.218899
2.087000	0.219355
2.088000	0.219778
2.089000	0.220170
2.090000	0.220529
2.091000	0.220857
2.092000	0.221152
2.093000	0.221415
2.094000	0.221647
2.095000	0.221846
2.096000	0.222014
2.097000	0.222149
2.098000	0.222253
2.099000	0.222324
2.100000	0.222364
2.101000	0.222372
2.102000	0.222348
2.103000	0.222293
2.104000	0.222205
2.105000	0.222087
2.106000	0.221936
2.107000	0.221754
2.108000	0.221541
2.109000	0.221296
2.110000	0.221020
2.111000	0.220713
2.112000	0.220375
2.113000	0.220006
2.114000	0.219606
2.115000	0.219175
2.116000	0.218713
2.117000	0.218221
2.118000	0.217699
2.119000	0.217146
2.120000	0.216562
2.121000	0.215949
2.122000	0.215306
2.123000	0.214632
2.124000	0.213930
2.125000	0.213197
2.126000	0.212435
2.127000	0.211644
2.128000	0.210824
2.129000	0.209975
2.130000	0.209097
2.131000	0.208191
2.132000	0.207256
2.133000	0.206292
2.134000	0.205301
2.135000	0.204282
2.136000	0.203235
2.137000	0.202160
2.138000	0.201058
2.139000	0.199929
2.140000	0.198773
2.141000	0.197591
2.142000	0.196381
2.143000	0.195146
2.144000	0.193884
2.145000	0.192597
2.146000	0.191283
2.147000	0.189945
2.148000	0.188581
2.149000	0.187192
2.150000	0.185778
2.151000	0.184340
2.152000	0.182878
2.153000	0.181391
2.154000	0.179881
2.155000	0.178347
2.156000	0.176790
2.157000	0.175210
2.158000	0.173607
2.159000	0.171981
2.160000	0.170334
2.161000	0.168664
2.162000	0.166972
2.163000	0.165260
2.164000	0.163526
2.165000	0.161771
2.166000	0.159995
2.167000	0.158200
2.168000	0.156384
2.169000	0.154548
2.170000	0.152693
2.171000	0.150819
2.172000	0.148926
2.173000	0.147014
2.174000	0.145084
2.175000	0.143137
2.176000	0.141171
2.177000	0.139188
2.178000	0.137188
2.179000	0.135172
2.180000	0.133138
2.181000	0.131089
2.182000	0.129024
2.183000	0.126944
2.184000	0.124848
2.185000	0.122737
2.186000	0.120612
2.187000	0.118473
2.188000	0.116320
2.189000	0.114154
2.190000	0.111974
2.191000	0.109781
2.192000	0.107576
2.193000	0.105358
2.194000	0.103129
2.195000	0.100888
2.196000	0.098636
2.197000	0.096373
2.198000	0.094099
2.199000	0.091815
2.200000	0.089522
2.201000	0.087219
2.202000	0.084906
2.203000	0.082585
2.204000	0.080256
2.205000	0.077918
2.206000	0.075573
2.207000	0.073220
2.208000	0.070859
2.209000	0.068493
2.210000	0.066119
2.211000	0.063740
2.212000	0.061355
2.213000	0.058965
2.214000	0.056570
2.215000	0.054170
2.216000	0.051765
2.217000	0.049357
2.218000	0.046945
2.219000	0.044530
2.220000	0.042112
2.221000	0.039691
2.222000	0.037268
2.223000	0.034844
2.224000	0.032418
2.225000	0.029990
2.226000	0.027562
2.227000	0.025133
2.228000	0.022705
2.229000	0.020276
2.230000	0.017848
2.231000	0.015421
2.232000	0.012995
2.233000	0.010571
2.234000	0.008149
2.235000	0.005729
2.236000	0.003312
2.237000	0.000897
2.238000	-0.001514
2.239000	-0.003921
2.240000	-0.006324
2.241000	-0.008723
2.242000	-0.011118
2.243000	-0.013507
2.244000	-0.015891
2.245000	-0.018269
2.246000	-0.020642
2.247000	-0.023008
2.248000	-0.025367
2.249000	-0.027719
2.250000	-0.030064
2.251000	-0.032402
2.252000	-0.034731
2.253000	-0.037052
2.254000	-0.039364
2.255000	-0.041668
2.256000	-0.043962
2.257000	-0.046247
2.258000	-0.048522
2.259000	-0.050787
2.260000	-0.053041
2.261000	-0.055284
2.262000	-0.057516
2.263000	-0.059737
2.264000	-0.061946
2.265000	-0.064144
2.266000	-0.066328
2.267000	-0.068501
2.268000	-0.070660
2.269000	-0.072806
2.270000	-0.074939
2.271000	-0.077058
2.272000	-0.079163
2.273000	-0.081254
2.274000	-0.083330
2.275000	-0.085391
2.276000	-0.087437
2.277000	-0.089468
2.278000	-0.091482
2.279000	-0.093481
2.280000	-0.095464
2.281000	-0.097431
2.282000	-0.099380
2.283000	-0.101313
2.284000	-0.103228
2.285000	-0.105126
2.286000	-0.107006
2.287000	-0.108868
2.288000	-0.110712
2.289000	-0.112538
2.290000	-0.114345
2.291000	-0.116132
2.292000	-0.117901
2.293000	-0.119651
2.294000	-0.121380
2.295000	-0.123090
2.296000	-0.124780
2.297000	-0.126450
2.298000	-0.128099
2.299000	-0.129728
2.300000	-0.131336
2.301000	-0.132922
2.302000	-0.134488
2.303000	-0.136032
2.304000	-0.137554
2.305000	-0.139055
2.306000	-0.140533
2.307000	-0.141990
2.308000	-0.143424
2.309000	-0.144835
2.310000	-0.146224
2.311000	-0.147590
2.312000	-0.148932
2.313000	-0.150252
2.314000	-0.151548
2.315000	-0.152821
2.316000	-0.154070
2.317000	-0.155296
2.318000	-0.156497
2.319000	-0.157674
2.320000	-0.158827
2.321000	-0.159956
2.322000	-0.161061
2.323000	-0.162140
2.324000	-0.163195
2.325000	-0.164225
2.326000	-0.165231
2.327000	-0.166211
2.328000	-0.167166
2.329000	-0.168096
2.330000	-0.169000
2.331000	-0.169879
2.332000	-0.170733
2.333000	-0.171561
2.334000	-0.172363
2.335000	-0.173140
2.336000	-0.173890
2.337000	-0.174615
2.338000	-0.175314
2.339000	-0.175986
2.340000	-0.176633
2.341000	-0.177253
2.342000	-0.177848
2.343000	-0.178416
2.344000	-0.178957
2.345000	-0.179473
2.346000	-0.179961
2.347000	-0.180424
2.348000	-0.180860
2.349000	-0.181270
2.350000	-0.181653
2.351000	-0.182010
2.352000	-0.182340
2.353000	-0.182643
2.354000	-0.182921
2.355000	-0.183171
2.356000	-0.183395
2.357000	-0.183593
2.358000	-0.183764
2.359000	-0.183908
2.360000	-0.184026
2.361000	-0.184118
2.362000	-0.184183
2.363000	-0.184222
2.364000	-0.184234
2.365000	-0.184220
2.366000	-0.184180
2.367000	-0.184113
2.368000	-0.184021
2.369000	-0.183902
2.370000	-0.183757
2.371000	-0.183586
2.372000	-0.183389
2.373000	-0.183166
2.374000	-0.182917
2.375000	-0.182643
2.376000	-0.182342
2.377000	-0.182017
2.378000	-0.181665
2.379000	-0.181288
2.380000	-0.180886
2.381000	-0.180459
2.382000	-0.180006
2.383000	-0.179528
2.384000	-0.179026
2.385000	-0.178498
2.386000	-0.177946
2.387000	-0.177369
2.388000	-0.176768
2.389000	-0.176142
2.390000	-0.175492
2.391000	-0.174817
2.392000	-0.174119
2.393000	-0.173397
2.394000	-0.172651
2.395000	-0.171882
2.396000	-0.171089
2.397000	-0.170273
2.398000	-0.169433
2.399000	-0.168571
2.400000	-0.167686
2.401000	-0.166778
2.402000	-0.165847
2.403000	-0.164895
2.404000	-0.163920
2.405000	-0.162923
2.406000	-0.161904
2.407000	-0.160863
2.408000	-0.159801
2.409000	-0.158718
2.410000	-0.157613
2.411000	-0.156488
2.412000	-0.155342
2.413000	-0.154175
2.414000	-0.152988
2.415000	-0.151781
2.416000	-0.150553
2.417000	-0.149306
2.418000	-0.148040
2.419000	-0.146754
2.420000	-0.145449
2.421000	-0.144125
2.422000	-0.142783
2.423000	-0.141422
2.424000	-0.140042
2.425000	-0.138645
2.426000	-0.137230
2.427000	-0.135797
2.428000	-0.134347
2.429000	-0.132880
2.430000	-0.131395
2.431000	-0.129895
2.432000	-0.128378
2.433000	-0.126844
2.434000	-0.125295
2.435000	-0.123730
2.436000	-0.122150
2.437000	-0.120554
2.438000	-0.118943
2.439000	-0.117318
2.440000	-0.115679
2.441000	-0.114025
2.442000	-0.112357
2.443000	-0.110675
2.444000	-0.108981
2.445000	-0.107273
2.446000	-0.105552
2.447000	-0.103818
2.448000	-0.102072
2.449000	-0.100314
2.450000	-0.098545
2.451000	-0.096763
2.452000	-0.094971
2.453000	-0.093167
2.454000	-0.091353
2.455000	-0.089528
2.456000	-0.087693
2.457000	-0.085848
2.458000	-0.083994
2.459000	-0.082130
2.460000	-0.080257
2.461000	-0.078375
2.462000	-0.076485
2.463000	-0.074586
2.464000	-0.072680
2.465000	-0.070766
2.466000	-0.068845
2.467000	-0.066916
2.468000	-0.064981
2.469000	-0.063039
2.470000	-0.061091
2.471000	-0.059137
2.472000	-0.057177
2.473000	-0.055212
2.474000	-0.053242
2.475000	-0.051267
2.476000	-0.049288
2.477000	-0.047304
2.478000	-0.045316
2.479000	-0.043325
2.480000	-0.041331
2.481000	-0.039333
2.482000	-0.037333
2.483000	-0.035330
2.484000	-0.033325
2.485000	-0.031318
2.486000	-0.029309
2.487000	-0.027300
2.488000	-0.025289
2.489000	-0.023277
2.490000	-0.021265
2.491000	-0.019253
2.492000	-0.017241
2.493000	-0.015229
2.494000	-0.013218
2.495000	-0.011208
2.496000	-0.009199
2.497000	-0.007192
2.498000	-0.005187
2.499000	-0.003184
2.500000	-0.001183
2.501000	0.000815
2.502000	0.002811
2.503000	0.004802
2.504000	0.006791
2.505000	0.008775
2.506000	0.010756
2.507000	0.012732
2.508000	0.014703
2.509000	0.016670
2.510000	0.018631
2.511000	0.020587
2.512000	0.022537
2.513000	0.024481
2.514000	0.026419
2.515000	0.028351
2.516000	0.030275
2.517000	0.032193
2.518000	0.034103
2.519000	0.036005
2.520000	0.037900
2.521000	0.039786
2.522000	0.041665
2.523000	0.043534
2.524000	0.045395
2.525000	0.047246
2.526000	0.049088
2.527000	0.050921
2.528000	0.052743
2.529000	0.054556
2.530000	0.056358
2.531000	0.058149
2.532000	0.059930
2.533000	0.061699
2.534000	0.063457
2.535000	0.065204
2.536000	0.066938
2.537000	0.068661
2.538000	0.070371
2.539000	0.072069
2.540000	0.073754
2.541000	0.075427
2.542000	0.077086
2.543000	0.078731
2.544000	0.080363
2.545000	0.081982
2.546000	0.083586
2.547000	0.085176
2.548000	0.086752
2.549000	0.088313
2.550000	0.089859
2.551000	0.091390
2.552000	0.092905
2.553000	0.094406
2.554000	0.095891
2.555000	0.097359
2.556000	0.098812
2.557000	0.100249
2.558000	0.101669
2.559000	0.103073
2.560000	0.104460
2.561000	0.105830
2.562000	0.107183
2.563000	0.108519
2.564000	0.109838
2.565000	0.111139
2.566000	0.112422
2.567000	0.113687
2.568000	0.114934
2.569000	0.116163
2.570000	0.117374
2.571000	0.118566
2.572000	0.119739
2.573000	0.120894
2.574000	0.122030
2.575000	0.123146
2.576000	0.124244
2.577000	0.125322
2.578000	0.126381
2.579000	0.127420
2.580000	0.128440
2.581000	0.129439
2.582000	0.130419
2.583000	0.131379
2.584000	0.132319
2.585000	0.133238
2.586000	0.134137
2.587000	0.135016
2.588000	0.135874
2.589000	0.136711
2.590000	0.137528
2.591000	0.138324
2.592000	0.139099
2.593000	0.139852
2.594000	0.140585
2.595000	0.141297
2.596000	0.141988
2.597000	0.142657
2.598000	0.143305
2.599000	0.143932
2.600000	0.144537
2.601000	0.145121
2.602000	0.145683
2.603000	0.146223
2.604000	0.146742
2.605000	0.147239
2.606000	0.147714
2.607000	0.148168
2.608000	0.148600
2.609000	0.149009
2.610000	0.149397
2.611000	0.149764
2.612000	0.150108
2.613000	0.150430
2.614000	0.150730
2.615000	0.151009
2.616000	0.151265
2.617000	0.151500
2.618000	0.151712
2.619000	0.151902
2.620000	0.152071
2.621000	0.152217
2.622000	0.152342
2.623000	0.152445
2.624000	0.152525
2.625000	0.152584
2.626000	0.152621
2.627000	0.152636
2.628000	0.152629
2.629000	0.152601
2.630000	0.152550
2.631000	0.152478
2.632000	0.152385
2.633000	0.152269
2.634000	0.152132
2.635000	0.151974
2.636000	0.151794
2.637000	0.151593
2.638000	0.151370
2.639000	0.151126
2.640000	0.150860
2.641000	0.150574
2.642000	0.150266
2.643000	0.149938
2.644000	0.149588
2.645000	0.149218
2.646000	0.148827
2.647000	0.148415
2.648000	0.147982
2.649000	0.147529
2.650000	0.147056
2.651000	0.146562
2.652000	0.146048
2.653000	0.145513
2.654000	0.144959
2.655000	0.144385
2.656000	0.143791
2.657000	0.143178
2.658000	0.142544
2.659000	0.141892
2.660000	0.141220
2.661000	0.140529
2.662000	0.139818
2.663000	0.139089
2.664000	0.138341
2.665000	0.137574
2.666000	0.136789
2.667000	0.135985
2.668000	0.135163
2.669000	0.134323
2.670000	0.133465
2.671000	0.132589
2.672000	0.131695
2.673000	0.130784
2.674000	0.129855
2.675000	0.128909
2.676000	0.127947
2.677000	0.126967
2.678000	0.125970
2.679000	0.124957
2.680000	0.123928
2.681000	0.122882
2.682000	0.121820
2.683000	0.120742
2.684000	0.119649
2.685000	0.118540
2.686000	0.117416
2.687000	0.116276
2.688000	0.115122
2.689000	0.113953
2.690000	0.112769
2.691000	0.111571
2.692000	0.110358
2.693000	0.109132
2.694000	0.107891
2.695000	0.106637
2.696000	0.105370
2.697000	0.104089
2.698000	0.102795
2.699000	0.101489
2.700000	0.100170
2.701000	0.098838
2.702000	0.097494
2.703000	0.096138
2.704000	0.094771
2.705000	0.093391
2.706000	0.092001
2.707000	0.090599
2.708000	0.089186
2.709000	0.087763
2.710000	0.086329
2.711000	0.084885
2.712000	0.083431
2.713000	0.081967
2.714000	0.080493
2.715000	0.079010
2.716000	0.077517
2.717000	0.076016
2.718000	0.074506
2.719000	0.072988
2.720000	0.071461
2.721000	0.069926
2.722000	0.068384
2.723000	0.066834
2.724000	0.065276
2.725000	0.063712
2.726000	0.062141
2.727000	0.060563
2.728000	0.058978
2.729000	0.057388
2.730000	0.055791
2.731000	0.054189
2.732000	0.052581
2.733000	0.050968
2.734000	0.049351
2.735000	0.047728
2.736000	0.046101
2.737000	0.044470
2.738000	0.042834
2.739000	0.041195
2.740000	0.039552
2.741000	0.037906
2.742000	0.036257
2.743000	0.034606
2.744000	0.032951
2.745000	0.031294
2.746000	0.029635
2.747000	0.027975
2.748000	0.026312
2.749000	0.024648
2.750000	0.022984
2.751000	0.021318
2.752000	0.019651
2.753000	0.017984
2.754000	0.016317
2.755000	0.014650
2.756000	0.012983
2.757000	0.011317
2.758000	0.009652
2.759000	0.007987
2.760000	0.006324
2.761000	0.004662
2.762000	0.003002
2.763000	0.001344
2.764000	-0.000312
2.765000	-0.001965
2.766000	-0.003616
2.767000	-0.005264
2.768000	-0.006909
2.769000	-0.008551
2.770000	-0.010189
2.771000	-0.011823
2.772000	-0.013453
2.773000	-0.015079
2.774000	-0.016700
2.775000	-0.018317
2.776000	-0.019929
2.777000	-0.021536
2.778000	-0.023137
2.779000	-0.024733
2.780000	-0.026323
2.781000	-0.027906
2.782000	-0.029484
2.783000	-0.031055
2.784000	-0.032620
2.785000	-0.034177
2.786000	-0.035728
2.787000	-0.037271
2.788000	-0.038807
2.789000	-0.040334
2.790000	-0.041854
2.791000	-0.043366
2.792000	-0.044870
2.793000	-0.046364
2.794000	-0.047851
2.795000	-0.049328
2.796000	-0.050796
2.797000	-0.052254
2.798000	-0.053703
2.799000	-0.055143
2.800000	-0.056572
2.801000	-0.057991
2.802000	-0.059400
2.803000	-0.060799
2.804000	-0.062187
2.805000	-0.063564
2.806000	-0.064930
2.807000	-0.066284
2.808000	-0.067627
2.809000	-0.068959
2.810000	-0.070279
2.811000	-0.071587
2.812000	-0.072883
2.813000	-0.074167
2.814000	-0.075438
2.815000	-0.076696
2.816000	-0.077942
2.817000	-0.079175
2.818000	-0.080395
2.819000	-0.081602
2.820000	-0.082795
2.821000	-0.083975
2.822000	-0.085141
2.823000	-0.086293
2.824000	-0.087431
2.825000	-0.088555
2.826000	-0.089665
2.827000	-0.090761
2.828000	-0.091842
2.829000	-0.092908
2.830000	-0.093959
2.831000	-0.094996
2.832000	-0.096018
2.833000	-0.097024
2.834000	-0.098015
2.835000	-0.098991
2.836000	-0.099951
2.837000	-0.100895
2.838000	-0.101824
2.839000	-0.102737
2.840000	-0.103633
2.841000	-0.104514
2.842000	-0.105379
2.843000	-0.106227
2.844000	-0.107059
2.845000	-0.107874
2.846000	-0.108673
2.847000	-0.109455
2.848000	-0.110221
2.849000	-0.110969
2.850000	-0.111701
2.851000	-0.112415
2.852000	-0.113113
2.853000	-0.113793
2.854000	-0.114456
2.855000	-0.115102
2.856000	-0.115731
2.857000	-0.116342
2.858000	-0.116935
2.859000	-0.117511
2.860000	-0.118070
2.861000	-0.118611
2.862000	-0.119134
2.863000	-0.119639
2.864000	-0.120126
2.865000	-0.120596
2.866000	-0.121048
2.867000	-0.121481
2.868000	-0.121897
2.869000	-0.122295
2.870000	-0.122675
2.871000	-0.123036
2.872000	-0.123380
2.873000	-0.123705
2.874000	-0.124013
2.875000	-0.124302
2.876000	-0.124573
2.877000	-0.124826
2.878000	-0.125060
2.879000	-0.125277
2.880000	-0.125475
2.881000	-0.125655
2.882000	-0.125817
2.883000	-0.125960
2.884000	-0.126086
2.885000	-0.126193
2.886000	-0.126282
2.887000	-0.126353
2.888000	-0.126406
2.889000	-0.126440
2.890000	-0.126457
2.891000	-0.126455
2.892000	-0.126435
2.893000	-0.126397
2.894000	-0.126342
2.895000	-0.126268
2.896000	-0.126176
2.897000	-0.126067
2.898000	-0.125940
2.899000	-0.125794
2.900000	-0.125631
2.901000	-0.125451
2.902000	-0.125252
2.903000	-0.125036
2.904000	-0.124803
2.905000	-0.124552
2.906000	-0.124283
2.907000	-0.123998
2.908000	-0.123695
2.909000	-0.123374
2.910000	-0.123037
2.911000	-0.122682
2.912000	-0.122311
2.913000	-0.121922
2.914000	-0.121517
2.915000	-0.121094
2.916000	-0.120655
2.917000	-0.120200
2.918000	-0.119728
2.919000	-0.119239
2.920000	-0.118735
2.921000	-0.118214
2.922000	-0.117676
2.923000	-0.117123
2.924000	-0.116554
2.925000	-0.115969
2.926000	-0.115368
2.927000	-0.114752
2.928000	-0.114120
2.929000	-0.113473
2.930000	-0.112810
2.931000	-0.112132
2.932000	-0.111440
2.933000	-0.110732
2.934000	-0.110009
2.935000	-0.109272
2.936000	-0.108520
2.937000	-0.107754
2.938000	-0.106974
2.939000	-0.106179
2.940000	-0.105370
2.941000	-0.104548
2.942000	-0.103712
2.943000	-0.102862
2.944000	-0.101998
2.945000	-0.101121
2.946000	-0.100231
2.947000	-0.099328
2.948000	-0.098412
2.949000	-0.097484
2.950000	-0.096542
2.951000	-0.095589
2.952000	-0.094623
2.953000	-0.093645
2.954000	-0.092654
2.955000	-0.091653
2.956000	-0.090639
2.957000	-0.089614
2.958000	-0.088577
2.959000	-0.087530
2.960000	-0.086471
2.961000	-0.085402
2.962000	-0.084321
2.963000	-0.083231
2.964000	-0.082130
2.965000	-0.081019
2.966000	-0.079898
2.967000	-0.078767
2.968000	-0.077626
2.969000	-0.076476
2.970000	-0.075317
2.971000	-0.074148
2.972000	-0.072971
2.973000	-0.071785
2.974000	-0.070590
2.975000	-0.069387
2.976000	-0.068176
2.977000	-0.066957
2.978000	-0.065730
2.979000	-0.064495
2.980000	-0.063253
2.981000	-0.062003
2.982000	-0.060747
2.983000	-0.059484
2.984000	-0.058214
2.985000	-0.056937
2.986000	-0.055654
2.987000	-0.054365
2.988000	-0.053070
2.989000	-0.051770
2.990000	-0.050463
2.991000	-0.049152
2.992000	-0.047835
2.993000	-0.046514
2.994000	-0.045187
2.995000	-0.043856
2.996000	-0.042521
2.997000	-0.041182
2.998000	-0.039838
2.999000	-0.038491
3.000000	-0.037140
3.001000	-0.035786
3.002000	-0.034429
3.003000	-0.033068
3.004000	-0.031705
3.005000	-0.030339
3.006000	-0.028971
3.007000	-0.027601
3.008000	-0.026229
3.009000	-0.024855
3.010000	-0.023479
3.011000	-0.022102
3.012000	-0.020724
3.013000	-0.019345
3.014000	-0.017965
3.015000	-0.016584
3.016000	-0.015203
3.017000	-0.013822
3.018000	-0.012441
3.019000	-0.011060
3.020000	-0.009680
3.021000	-0.008300
3.022000	-0.006920
3.023000	-0.005542
3.024000	-0.004165
3.025000	-0.002789
3.026000	-0.001415
3.027000	-0.000043
3.028000	0.001327
3.029000	0.002696
3.030000	0.004061
3.031000	0.005425
3.032000	0.006785
3.033000	0.008143
3.034000	0.009498
3.035000	0.010849
3.036000	0.012197
3.037000	0.013541
3.038000	0.014882
3.039000	0.016218
3.040000	0.017550
3.041000	0.018878
3.042000	0.020201
3.043000	0.021519
3.044000	0.022832
3.045000	0.024140
3.046000	0.025443
3.047000	0.026741
3.048000	0.028032
3.049000	0.029318
3.050000	0.030598
3.051000	0.031872
3.052000	0.033139
3.053000	0.034400
3.054000	0.035654
3.055000	0.036901
3.056000	0.038141
3.057000	0.039374
3.058000	0.040599
3.059000	0.041817
3.060000	0.043027
3.061000	0.044230
3.062000	0.045424
3.063000	0.046610
3.064000	0.047788
3.065000	0.048957
3.066000	0.050117
3.067000	0.051269
3.068000	0.052412
3.069000	0.053546
3.070000	0.054670
3.071000	0.055785
3.072000	0.056890
3.073000	0.057986
3.074000	0.059072
3.075000	0.060148
3.076000	0.061214
3.077000	0.062269
3.078000	0.063314
3.079000	0.064349
3.080000	0.065372
3.081000	0.066385
3.082000	0.067388
3.083000	0.068379
3.084000	0.069359
3.085000	0.070327
3.086000	0.071284
3.087000	0.072230
3.088000	0.073164
3.089000	0.074086
3.090000	0.074996
3.091000	0.075894
3.092000	0.076780
3.093000	0.077654
3.094000	0.078516
3.095000	0.079365
3.096000	0.080201
3.097000	0.081025
3.098000	0.081836
3.099000	0.082635
3.100000	0.083420
3.101000	0.084192
3.102000	0.084951
3.103000	0.085697
3.104000	0.086430
3.105000	0.087149
3.106000	0.087855
3.107000	0.088547
3.108000	0.089226
3.109000	0.089890
3.110000	0.090541
3.111000	0.091179
3.112000	0.091802
3.113000	0.092411
3.114000	0.093006
3.115000	0.093587
3.116000	0.094154
3.117000	0.094707
3.118000	0.095245
3.119000	0.095769
3.120000	0.096278
3.121000	0.096773
3.122000	0.097254
3.123000	0.097719
3.124000	0.098171
3.125000	0.098607
3.126000	0.099029
3.127000	0.099436
3.128000	0.099828
3.129000	0.100206
3.130000	0.100569
3.131000	0.100916
3.132000	0.101249
3.133000	0.101567
3.134000	0.101870
3.135000	0.102158
3.136000	0.102431
3.137000	0.102689
3.138000	0.102932
3.139000	0.103160
3.140000	0.103372
3.141000	0.103570
3.142000	0.103753
3.143000	0.103920
3.144000	0.104073
3.145000	0.104210
3.146000	0.104332
3.147000	0.104439
3.148000	0.104532
3.149000	0.104609
3.150000	0.104671
3.151000	0.104718
3.152000	0.104750
3.153000	0.104766
3.154000	0.104768
3.155000	0.104755
3.156000	0.104727
3.157000	0.104685
3.158000	0.104627
3.159000	0.104554
3.160000	0.104467
3.161000	0.104364
3.162000	0.104247
3.163000	0.104115
3.164000	0.103969
3.165000	0.103808
3.166000	0.103632
3.167000	0.103442
3.168000	0.103237
3.169000	0.103018
3.170000	0.102784
3.171000	0.102536
3.172000	0.102274
3.173000	0.101998
3.174000	0.101707
3.175000	0.101402
3.176000	0.101083
3.177000	0.100750
3.178000	0.100404
3.179000	0.100043
3.180000	0.099669
3.181000	0.099281
3.182000	0.098879
3.183000	0.098464
3.184000	0.098035
3.185000	0.097593
3.186000	0.097137
3.187000	0.096669
3.188000	0.096187
3.189000	0.095692
3.190000	0.095184
3.191000	0.094664
3.192000	0.094130
3.193000	0.093584
3.194000	0.093025
3.195000	0.092454
3.196000	0.091870
3.197000	0.091275
3.198000	0.090666
3.199000	0.090046
3.200000	0.089414
3.201000	0.088770
3.202000	0.088114
3.203000	0.087447
3.204000	0.086768
3.205000	0.086077
3.206000	0.085376
3.207000	0.084663
3.208000	0.083939
3.209000	0.083204
3.210000	0.082458
3.211000	0.081702
3.212000	0.080934
3.213000	0.080157
3.214000	0.079369
3.215000	0.078571
3.216000	0.077763
3.217000	0.076945
3.218000	0.076117
3.219000	0.075279
3.220000	0.074432
3.221000	0.073575
3.222000	0.072709
3.223000	0.071834
3.224000	0.070950
3.225000	0.070057
3.226000	0.069155
3.227000	0.068245
3.228000	0.067326
3.229000	0.066399
3.230000	0.065464
3.231000	0.064521
3.232000	0.063570
3.233000	0.062611
3.234000	0.061645
3.235000	0.060671
3.236000	0.059690
3.237000	0.058702
3.238000	0.057706
3.239000	0.056704
3.240000	0.055696
3.241000	0.054680
3.242000	0.053659
3.243000	0.052631
3.244000	0.051597
3.245000	0.050558
3.246000	0.049512
3.247000	0.048461
3.248000	0.047405
3.249000	0.046343
3.250000	0.045276
3.251000	0.044204
3.252000	0.043128
3.253000	0.042047
3.254000	0.040961
3.255000	0.039871
3.256000	0.038777
3.257000	0.037679
3.258000	0.036577
3.259000	0.035472
3.260000	0.034363
3.261000	0.033250
3.262000	0.032135
3.263000	0.031016
3.264000	0.029895
3.265000	0.028771
3.266000	0.027645
3.267000	0.026516
3.268000	0.025385
3.269000	0.024252
3.270000	0.023117
3.271000	0.021980
3.272000	0.020842
3.273000	0.019703
3.274000	0.018562
3.275000	0.017421
3.276000	0.016278
3.277000	0.015135
3.278000	0.013992
3.279000	0.012847
3.280000	0.011703
3.281000	0.010559
3.282000	0.009415
3.283000	0.008271
3.284000	0.007127
3.285000	0.005985
3.286000	0.004843
3.287000	0.003701
3.288000	0.002561
3.289000	0.001423
3.290000	0.000285
3.291000	-0.000850
3.292000	-0.001984
3.293000	-0.003116
3.294000	-0.004246
3.295000	-0.005374
3.296000	-0.006500
3.297000	-0.007622
3.298000	-0.008743
3.299000	-0.009860
3.300000	-0.010974
3.301000	-0.012085
3.302000	-0.013193
3.303000	-0.014298
3.304000	-0.015398
3.305000	-0.016495
3.306000	-0.017589
3.307000	-0.018678
3.308000	-0.019762
3.309000	-0.020843
3.310000	-0.021919
3.311000	-0.022990
3.312000	-0.024056
3.313000	-0.025118
3.314000	-0.026174
3.315000	-0.027225
3.316000	-0.028271
3.317000	-0.029311
3.318000	-0.030345
3.319000	-0.031374
3.320000	-0.032397
3.321000	-0.033413
3.322000	-0.034424
3.323000	-0.035428
3.324000	-0.036425
3.325000	-0.037416
3.326000	-0.038401
3.327000	-0.039378
3.328000	-0.040348
3.329000	-0.041311
3.330000	-0.042267
3.331000	-0.043215
3.332000	-0.044156
3.333000	-0.045090
3.334000	-0.046015
3.335000	-0.046933
3.336000	-0.047842
3.337000	-0.048744
3.338000	-0.049637
3.339000	-0.050522
3.340000	-0.051398
3.341000	-0.052266
3.342000	-0.053125
3.343000	-0.053975
3.344000	-0.054816
3.345000	-0.055648
3.346000	-0.056471
3.347000	-0.057285
3.348000	-0.058090
3.349000	-0.058885
3.350000	-0.059670
3.351000	-0.060446
3.352000	-0.061212
3.353000	-0.061969
3.354000	-0.062715
3.355000	-0.063451
3.356000	-0.064178
3.357000	-0.064894
3.358000	-0.065599
3.359000	-0.066295
3.360000	-0.066980
3.361000	-0.067654
3.362000	-0.068318
3.363000	-0.068971
3.364000	-0.069613
3.365000	-0.070244
3.366000	-0.070865
3.367000	-0.071474
3.368000	-0.072072
3.369000	-0.072659
3.370000	-0.073235
3.371000	-0.073800
3.372000	-0.074353
3.373000	-0.074895
3.374000	-0.075426
3.375000	-0.075945
3.376000	-0.076452
3.377000	-0.076947
3.378000	-0.077431
3.379000	-0.077904
3.380000	-0.078364
3.381000	-0.078813
3.382000	-0.079249
3.383000	-0.079674
3.384000	-0.080087
3.385000	-0.080487
3.386000	-0.080876
3.387000	-0.081252
3.388000	-0.081617
3.389000	-0.081969
3.390000	-0.082309
3.391000	-0.082637
3.392000	-0.082952
3.393000	-0.083255
3.394000	-0.083546
3.395000	-0.083825
3.396000	-0.084091
3.397000	-0.084344
3.398000	-0.084586
3.399000	-0.084815
3.400000	-0.085031
3.401000	-0.085235
3.402000	-0.085426
3.403000	-0.085605
3.404000	-0.085772
3.405000	-0.085926
3.406000	-0.086068
3.407000	-0.086197
3.408000	-0.086313
3.409000	-0.086417
3.410000	-0.086509
3.411000	-0.086588
3.412000	-0.086654
3.413000	-0.086709
3.414000	-0.086750
3.415000	-0.086779
3.416000	-0.086796
3.417000	-0.086800
3.418000	-0.086792
3.419000	-0.086772
3.420000	-0.086739
3.421000	-0.086694
3.422000	-0.086636
3.423000	-0.086567
3.424000	-0.086485
3.425000	-0.086390
3.426000	-0.086284
3.427000	-0.086165
3.428000	-0.086034
3.429000	-0.085891
3.430000	-0.085736
3.431000	-0.085569
3.432000	-0.085390
3.433000	-0.085200
3.434000	-0.084997
3.435000	-0.084782
3.436000	-0.084556
3.437000	-0.084317
3.438000	-0.084067
3.439000	-0.083806
3.440000	-0.083533
3.441000	-0.083248
3.442000	-0.082952
3.443000	-0.082644
3.444000	-0.082325
3.445000	-0.081995
3.446000	-0.081653
3.447000	-0.081300
3.448000	-0.080936
3.449000	-0.080561
3.450000	-0.080176
3.451000	-0.079779
3.452000	-0.079371
3.453000	-0.078953
3.454000	-0.078524
3.455000	-0.078084
3.456000	-0.077634
3.457000	-0.077173
3.458000	-0.076702
3.459000	-0.076221
3.460000	-0.075730
3.461000	-0.075228
3.462000	-0.074716
3.463000	-0.074195
3.464000	-0.073663
3.465000	-0.073122
3.466000	-0.072571
3.467000	-0.072011
3.468000	-0.071441
3.469000	-0.070862
3.470000	-0.070273
3.471000	-0.069675
3.472000	-0.069068
3.473000	-0.068452
3.474000	-0.067828
3.475000	-0.067194
3.476000	-0.066552
3.477000	-0.065901
3.478000	-0.065241
3.479000	-0.064574
3.480000	-0.063898
3.481000	-0.063213
3.482000	-0.062521
3.483000	-0.061821
3.484000	-0.061113
3.485000	-0.060397
3.486000	-0.059674
3.487000	-0.058943
3.488000	-0.058205
3.489000	-0.057459
3.490000	-0.056707
3.491000	-0.055947
3.492000	-0.055181
3.493000	-0.054407
3.494000	-0.053627
3.495000	-0.052841
3.496000	-0.052048
3.497000	-0.051249
3.498000	-0.050443
3.499000	-0.049632
3.500000	-0.048814
3.501000	-0.047991
3.502000	-0.047162
3.503000	-0.046328
3.504000	-0.045488
3.505000	-0.044642
3.506000	-0.043792
3.507000	-0.042937
3.508000	-0.042076
3.509000	-0.041211
3.510000	-0.040341
3.511000	-0.039467
3.512000	-0.038589
3.513000	-0.037706
3.514000	-0.036819
3.515000	-0.035927
3.516000	-0.035033
3.517000	-0.034134
3.518000	-0.033232
3.519000	-0.032326
3.520000	-0.031417
3.521000	-0.030505
3.522000	-0.029590
3.523000	-0.028671
3.524000	-0.027750
3.525000	-0.026827
3.526000	-0.025901
3.527000	-0.024972
3.528000	-0.024042
3.529000	-0.023109
3.530000	-0.022174
3.531000	-0.021237
3.532000	-0.020299
3.533000	-0.019359
3.534000	-0.018418
3.535000	-0.017475
3.536000	-0.016531
3.537000	-0.015587
3.538000	-0.014641
3.539000	-0.013695
3.540000	-0.012748
3.541000	-0.011800
3.542000	-0.010852
3.543000	-0.009904
3.544000	-0.008956
3.545000	-0.008008
3.546000	-0.007061
3.547000	-0.006113
3.548000	-0.005166
3.549000	-0.004220
3.550000	-0.003274
3.551000	-0.002330
3.552000	-0.001386
3.553000	-0.000443
3.554000	0.000498
3.555000	0.001438
3.556000	0.002376
3.557000	0.003312
3.558000	0.004247
3.559000	0.005180
3.560000	0.006111
3.561000	0.007039
3.562000	0.007966
3.563000	0.008889
3.564000	0.009811
3.565000	0.010729
3.566000	0.011645
3.567000	0.012557
3.568000	0.013467
3.569000	0.014373
3.570000	0.015276
3.571000	0.016176
3.572000	0.017072
3.573000	0.017964
3.574000	0.018852
3.575000	0.019737
3.576000	0.020617
3.577000	0.021493
3.578000	0.022365
3.579000	0.023232
3.580000	0.024095
3.581000	0.024953
3.582000	0.025806
3.583000	0.026655
3.584000	0.027498
3.585000	0.028336
3.586000	0.029169
3.587000	0.029997
3.588000	0.030819
3.589000	0.031636
3.590000	0.032447
3.591000	0.033252
3.592000	0.034051
3.593000	0.034844
3.594000	0.035631
3.595000	0.036412
3.596000	0.037187
3.597000	0.037955
3.598000	0.038717
3.599000	0.039472
3.600000	0.040220
3.601000	0.040962
3.602000	0.041696
3.603000	0.042424
3.604000	0.043144
3.605000	0.043857
3.606000	0.044563
3.607000	0.045262
3.608000	0.045953
3.609000	0.046637
3.610000	0.047313
3.611000	0.047981
3.612000	0.048642
3.613000	0.049294
3.614000	0.049939
3.615000	0.050575
3.616000	0.051204
3.617000	0.051824
3.618000	0.052436
3.619000	0.053039
3.620000	0.053634
3.621000	0.054221
3.622000	0.054799
3.623000	0.055368
3.624000	0.055929
3.625000	0.056480
3.626000	0.057023
3.627000	0.057557
3.628000	0.058082
3.629000	0.058598
3.630000	0.059105
3.631000	0.059603
3.632000	0.060092
3.633000	0.060571
3.634000	0.061041
3.635000	0.061501
3.636000	0.061952
3.637000	0.062394
3.638000	0.062826
3.639000	0.063248
3.640000	0.063661
3.641000	0.064064
3.642000	0.064457
3.643000	0.064841
3.644000	0.065215
3.645000	0.065579
3.646000	0.065933
3.647000	0.066277
3.648000	0.066611
3.649000	0.066935
3.650000	0.067249
3.651000	0.067553
3.652000	0.067847
3.653000	0.068131
3.654000	0.068405
3.655000	0.068669
3.656000	0.068922
3.657000	0.069165
3.658000	0.069398
3.659000	0.069621
3.660000	0.069833
3.661000	0.070035
3.662000	0.070227
3.663000	0.070409
3.664000	0.070580
3.665000	0.070741
3.666000	0.070892
3.667000	0.071032
3.668000	0.071162
3.669000	0.071281
3.670000	0.071391
3.671000	0.071489
3.672000	0.071578
3.673000	0.071656
3.674000	0.071724
3.675000	0.071781
3.676000	0.071828
3.677000	0.071865
3.678000	0.071892
3.679000	0.071908
3.680000	0.071914
3.681000	0.071909
3.682000	0.071894
3.683000	0.071869
3.684000	0.071834
3.685000	0.071789
3.686000	0.071733
3.687000	0.071668
3.688000	0.071592
3.689000	0.071506
3.690000	0.071410
3.691000	0.071303
3.692000	0.071187
3.693000	0.071061
3.694000	0.070925
3.695000	0.070779
3.696000	0.070623
3.697000	0.070457
3.698000	0.070281
3.699000	0.070096
3.700000	0.069900
3.701000	0.069695
3.702000	0.069481
3.703000	0.069257
3.704000	0.069023
3.705000	0.068779
3.706000	0.068527
3.707000	0.068264
3.708000	0.067993
3.709000	0.067712
3.710000	0.067422
3.711000	0.067122
3.712000	0.066814
3.713000	0.066496
3.714000	0.066169
3.715000	0.065833
3.716000	0.065489
3.717000	0.065135
3.718000	0.064773
3.719000	0.064402
3.720000	0.064022
3.721000	0.063634
3.722000	0.063237
3.723000	0.062832
3.724000	0.062418
3.725000	0.061996
3.726000	0.061565
3.727000	0.061127
3.728000	0.060680
3.729000	0.060226
3.730000	0.059763
3.731000	0.059293
3.732000	0.058814
3.733000	0.058328
3.734000	0.057835
3.735000	0.057334
3.736000	0.056825
3.737000	0.056309
3.738000	0.055786
3.739000	0.055255
3.740000	0.054717
3.741000	0.054173
3.742000	0.053621
3.743000	0.053062
3.744000	0.052497
3.745000	0.051925
3.746000	0.051346
3.747000	0.050761
3.748000	0.050170
3.749000	0.049572
3.750000	0.048968
3.751000	0.048357
3.752000	0.047741
3.753000	0.047119
3.754000	0.046491
3.755000	0.045857
3.756000	0.045217
3.757000	0.044572
3.758000	0.043922
3.759000	0.043266
3.760000	0.042605
3.761000	0.041939
3.762000	0.041268
3.763000	0.040591
3.764000	0.039910
3.765000	0.039225
3.766000	0.038534
3.767000	0.037839
3.768000	0.037140
3.769000	0.036437
3.770000	0.035729
3.771000	0.035017
3.772000	0.034301
3.773000	0.033581
3.774000	0.032858
3.775000	0.032131
3.776000	0.031400
3.777000	0.030666
3.778000	0.029928
3.779000	0.029187
3.780000	0.028444
3.781000	0.027697
3.782000	0.026947
3.783000	0.026195
3.784000	0.025439
3.785000	0.024682
3.786000	0.023921
3.787000	0.023159
3.788000	0.022394
3.789000	0.021627
3.790000	0.020859
3.791000	0.020088
3.792000	0.019315
3.793000	0.018541
3.794000	0.017766
3.795000	0.016989
3.796000	0.016210
3.797000	0.015430
3.798000	0.014650
3.799000	0.013868
3.800000	0.013086
3.801000	0.012302
3.802000	0.011518
3.803000	0.010734
3.804000	0.009949
3.805000	0.009164
3.806000	0.008378
3.807000	0.007593
3.808000	0.006807
3.809000	0.006022
3.810000	0.005237
3.811000	0.004453
3.812000	0.003668
3.813000	0.002885
3.814000	0.002102
3.815000	0.001320
3.816000	0.000539
3.817000	-0.000241
3.818000	-0.001020
3.819000	-0.001798
3.820000	-0.002574
3.821000	-0.003349
3.822000	-0.004122
3.823000	-0.004893
3.824000	-0.005663
3.825000	-0.006431
3.826000	-0.007197
3.827000	-0.007960
3.828000	-0.008722
3.829000	-0.009481
3.830000	-0.010238
3.831000	-0.010992
3.832000	-0.011743
3.833000	-0.012492
3.834000	-0.013238
3.835000	-0.013981
3.836000	-0.014721
3.837000	-0.015457
3.838000	-0.016191
3.839000	-0.016921
3.840000	-0.017647
3.841000	-0.018371
3.842000	-0.019090
3.843000	-0.019806
3.844000	-0.020517
3.845000	-0.021225
3.846000	-0.021929
3.847000	-0.022629
3.848000	-0.023324
3.849000	-0.024015
3.850000	-0.024702
3.851000	-0.025384
3.852000	-0.026062
3.853000	-0.026735
3.854000	-0.027403
3.855000	-0.028066
3.856000	-0.028724
3.857000	-0.029377
3.858000	-0.030026
3.859000	-0.030668
3.860000	-0.031306
3.861000	-0.031938
3.862000	-0.032565
3.863000	-0.033186
3.864000	-0.033802
3.865000	-0.034412
3.866000	-0.035016
3.867000	-0.035614
3.868000	-0.036206
3.869000	-0.036792
3.870000	-0.037373
3.871000	-0.037947
3.872000	-0.038514
3.873000	-0.039076
3.874000	-0.039631
3.875000	-0.040179
3.876000	-0.040721
3.877000	-0.041257
3.878000	-0.041786
3.879000	-0.042308
3.880000	-0.042823
3.881000	-0.043332
3.882000	-0.043833
3.883000	-0.044328
3.884000	-0.044815
3.885000	-0.045296
3.886000	-0.045769
3.887000	-0.046235
3.888000	-0.046694
3.889000	-0.047145
3.890000	-0.047589
3.891000	-0.048026
3.892000	-0.048455
3.893000	-0.048877
3.894000	-0.049291
3.895000	-0.049697
3.896000	-0.050096
3.897000	-0.050487
3.898000	-0.050870
3.899000	-0.051245
3.900000	-0.051613
3.901000	-0.051973
3.902000	-0.052324
3.903000	-0.052668
3.904000	-0.053004
3.905000	-0.053331
3.906000	-0.053651
3.907000	-0.053962
3.908000	-0.054266
3.909000	-0.054561
3.910000	-0.054848
3.911000	-0.055126
3.912000	-0.055397
3.913000	-0.055659
3.914000	-0.055913
3.915000	-0.056158
3.916000	-0.056395
3.917000	-0.056624
3.918000	-0.056844
3.919000	-0.057056
3.920000	-0.057259
3.921000	-0.057454
3.922000	-0.057640
3.923000	-0.057818
3.924000	-0.057988
3.925000	-0.058149
3.926000	-0.058301
3.927000	-0.058445
3.928000	-0.058580
3.929000	-0.058706
3.930000	-0.058825
3.931000	-0.058934
3.932000	-0.059035
3.933000	-0.059127
3.934000	-0.059211
3.935000	-0.059286
3.936000	-0.059353
3.937000	-0.059411
3.938000	-0.059460
3.939000	-0.059501
3.940000	-0.059534
3.941000	-0.059557
3.942000	-0.059573
3.943000	-0.059579
3.944000	-0.059578
3.945000	-0.059567
3.946000	-0.059549
3.947000	-0.059521
3.948000	-0.059486
3.949000	-0.059441
3.950000	-0.059389
3.951000	-0.059328
3.952000	-0.059258
3.953000	-0.059180
3.954000	-0.059094
3.955000	-0.059000
3.956000	-0.058897
3.957000	-0.058786
3.958000	-0.058667
3.959000	-0.058539
3.960000	-0.058404
3.961000	-0.058260
3.962000	-0.058108
3.963000	-0.057948
3.964000	-0.057780
3.965000	-0.057604
3.966000	-0.057420
3.967000	-0.057228
3.968000	-0.057028
3.969000	-0.056820
3.970000	-0.056605
3.971000	-0.056382
3.972000	-0.056150
3.973000	-0.055912
3.974000	-0.055665
3.975000	-0.055411
3.976000	-0.055150
3.977000	-0.054881
3.978000	-0.054604
3.979000	-0.054320
3.980000	-0.054029
3.981000	-0.053730
3.982000	-0.053425
3.983000	-0.053112
3.984000	-0.052791
3.985000	-0.052464
3.986000	-0.052130
3.987000	-0.051789
3.988000	-0.051440
3.989000	-0.051085
3.990000	-0.050724
3.991000	-0.050355
3.992000	-0.049980
3.993000	-0.049598
3.994000	-0.049210
3.995000	-0.048815
3.996000	-0.048414
3.997000	-0.048006
3.998000	-0.047592
3.999000	-0.047172
4.000000	-0.046746
4.001000	-0.046314
4.002000	-0.045876
4.003000	-0.045431
4.004000	-0.044981
4.005000	-0.044525
4.006000	-0.044064
4.007000	-0.043597
4.008000	-0.043124
4.009000	-0.042646
4.010000	-0.042162
4.011000	-0.041673
4.012000	-0.041179
4.013000	-0.040680
4.014000	-0.040175
4.015000	-0.039666
4.016000	-0.039151
4.017000	-0.038632
4.018000	-0.038108
4.019000	-0.037579
4.020000	-0.037046
4.021000	-0.036508
4.022000	-0.035965
4.023000	-0.035419
4.024000	-0.034868
4.025000	-0.034312
4.026000	-0.033753
4.027000	-0.033190
4.028000	-0.032623
4.029000	-0.032051
4.030000	-0.031477
4.031000	-0.030898
4.032000	-0.030316
4.033000	-0.029730
4.034000	-0.029141
4.035000	-0.028549
4.036000	-0.027953
4.037000	-0.027354
4.038000	-0.026753
4.039000	-0.026148
4.040000	-0.025540
4.041000	-0.024930
4.042000	-0.024317
4.043000	-0.023701
4.044000	-0.023083
4.045000	-0.022462
4.046000	-0.021839
4.047000	-0.021214
4.048000	-0.020587
4.049000	-0.019957
4.050000	-0.019326
4.051000	-0.018693
4.052000	-0.018058
4.053000	-0.017421
4.054000	-0.016783
4.055000	-0.016143
4.056000	-0.015502
4.057000	-0.014860
4.058000	-0.014216
4.059000	-0.013572
4.060000	-0.012926
4.061000	-0.012279
4.062000	-0.011632
4.063000	-0.010984
4.064000	-0.010335
4.065000	-0.009686
4.066000	-0.009036
4.067000	-0.008386
4.068000	-0.007735
4.069000	-0.007084
4.070000	-0.006434
4.071000	-0.005783
4.072000	-0.005132
4.073000	-0.004482
4.074000	-0.003832
4.075000	-0.003182
4.076000	-0.002533
4.077000	-0.001884
4.078000	-0.001236
4.079000	-0.000589
4.080000	0.000058
4.081000	0.000703
4.082000	0.001348
4.083000	0.001991
4.084000	0.002633
4.085000	0.003274
4.086000	0.003914
4.087000	0.004552
4.088000	0.005188
4.089000	0.005823
4.090000	0.006456
4.091000	0.007087
4.092000	0.007717
4.093000	0.008344
4.094000	0.008969
4.095000	0.009593
4.096000	0.010213
4.097000	0.010832
4.098000	0.011448
4.099000	0.012061
4.100000	0.012672
4.101000	0.013281
4.102000	0.013886
4.103000	0.014489
4.104000	0.015088
4.105000	0.015685
4.106000	0.016279
4.107000	0.016869
4.108000	0.017456
4.109000	0.018040
4.110000	0.018621
4.111000	0.019198
4.112000	0.019771
4.113000	0.020341
4.114000	0.020907
4.115000	0.021469
4.116000	0.022027
4.117000	0.022582
4.118000	0.023132
4.119000	0.023678
4.120000	0.024220
4.121000	0.024758
4.122000	0.025292
4.123000	0.025821
4.124000	0.026346
4.125000	0.026866
4.126000	0.027382
4.127000	0.027893
4.128000	0.028399
4.129000	0.028901
4.130000	0.029397
4.131000	0.029889
4.132000	0.030376
4.133000	0.030858
4.134000	0.031334
4.135000	0.031806
4.136000	0.032272
4.137000	0.032733
4.138000	0.033189
4.139000	0.033639
4.140000	0.034084
4.141000	0.034523
4.142000	0.034957
4.143000	0.035385
4.144000	0.035808
4.145000	0.036225
4.146000	0.036636
4.147000	0.037041
4.148000	0.037440
4.149000	0.037833
4.150000	0.038221
4.151000	0.038602
4.152000	0.038978
4.153000	0.039347
4.154000	0.039710
4.155000	0.040067
4.156000	0.040418
4.157000	0.040762
4.158000	0.041100
4.159000	0.041432
4.160000	0.041757
4.161000	0.042076
4.162000	0.042389
4.163000	0.042695
4.164000	0.042994
4.165000	0.043287
4.166000	0.043573
4.167000	0.043853
4.168000	0.044126
4.169000	0.044392
4.170000	0.044651
4.171000	0.044904
4.172000	0.045150
4.173000	0.045389
4.174000	0.045622
4.175000	0.045847
4.176000	0.046066
4.177000	0.046278
4.178000	0.046482
4.179000	0.046680
4.180000	0.046871
4.181000	0.047055
4.182000	0.047232
4.183000	0.047402
4.184000	0.047565
4.185000	0.047721
4.186000	0.047870
4.187000	0.048012
4.188000	0.048147
4.189000	0.048275
4.190000	0.048395
4.191000	0.048509
4.192000	0.048615
4.193000	0.048715
4.194000	0.048807
4.195000	0.048892
4.196000	0.048970
4.197000	0.049041
4.198000	0.049105
4.199000	0.049162
4.200000	0.049211
4.201000	0.049254
4.202000	0.049289
4.203000	0.049318
4.204000	0.049339
4.205000	0.049353
4.206000	0.049360
4.207000	0.049361
4.208000	0.049354
4.209000	0.049339
4.210000	0.049318
4.211000	0.049290
4.212000	0.049255
4.213000	0.049213
4.214000	0.049164
4.215000	0.049108
4.216000	0.049045
4.217000	0.048975
4.218000	0.048899
4.219000	0.048815
4.220000	0.048725
4.221000	0.048627
4.222000	0.048523
4.223000	0.048412
4.224000	0.048295
4.225000	0.048170
4.226000	0.048039
4.227000	0.047901
4.228000	0.047757
4.229000	0.047606
4.230000	0.047448
4.231000	0.047284
4.232000	0.047114
4.233000	0.046936
4.234000	0.046753
4.235000	0.046563
4.236000	0.046366
4.237000	0.046164
4.238000	0.045955
4.239000	0.045739
4.240000	0.045518
4.241000	0.045290
4.242000	0.045056
4.243000	0.044816
4.244000	0.044570
4.245000	0.044318
4.246000	0.044060
4.247000	0.043796
4.248000	0.043526
4.249000	0.043250
4.250000	0.042969
4.251000	0.042682
4.252000	0.042389
4.253000	0.042090
4.254000	0.041786
4.255000	0.041477
4.256000	0.041162
4.257000	0.040841
4.258000	0.040515
4.259000	0.040184
4.260000	0.039847
4.261000	0.039506
4.262000	0.039159
4.263000	0.038807
4.264000	0.038450
4.265000	0.038088
4.266000	0.037721
4.267000	0.037349
4.268000	0.036972
4.269000	0.036591
4.270000	0.036205
4.271000	0.035814
4.272000	0.035419
4.273000	0.035019
4.274000	0.034615
4.275000	0.034207
4.276000	0.033794
4.277000	0.033377
4.278000	0.032956
4.279000	0.032530
4.280000	0.032101
4.281000	0.031668
4.282000	0.031231
4.283000	0.030789
4.284000	0.030345
4.285000	0.029896
4.286000	0.029444
4.287000	0.028988
4.288000	0.028529
4.289000	0.028066
4.290000	0.027600
4.291000	0.027131
4.292000	0.026659
4.293000	0.026183
4.294000	0.025704
4.295000	0.025223
4.296000	0.024738
4.297000	0.024251
4.298000	0.023761
4.299000	0.023268
4.300000	0.022772
4.301000	0.022274
4.302000	0.021774
4.303000	0.021271
4.304000	0.020765
4.305000	0.020258
4.306000	0.019748
4.307000	0.019237
4.308000	0.018723
4.309000	0.018207
4.310000	0.017690
4.311000	0.017170
4.312000	0.016649
4.313000	0.016127
4.314000	0.015602
4.315000	0.015077
4.316000	0.014549
4.317000	0.014021
4.318000	0.013491
4.319000	0.012960
4.320000	0.012428
4.321000	0.011895
4.322000	0.011362
4.323000	0.010827
4.324000	0.010291
4.325000	0.009755
4.326000	0.009218
4.327000	0.008681
4.328000	0.008143
4.329000	0.007604
4.330000	0.007066
4.331000	0.006527
4.332000	0.005988
4.333000	0.005449
4.334000	0.004910
4.335000	0.004371
4.336000	0.003832
4.337000	0.003293
4.338000	0.002755
4.339000	0.002217
4.340000	0.001679
4.341000	0.001142
4.342000	0.000606
4.343000	0.000070
4.344000	-0.000465
4.345000	-0.000999
4.346000	-0.001533
4.347000	-0.002065
4.348000	-0.002596
4.349000	-0.003126
4.350000	-0.003655
4.351000	-0.004183
4.352000	-0.004709
4.353000	-0.005234
4.354000	-0.005757
4.355000	-0.006279
4.356000	-0.006799
4.357000	-0.007317
4.358000	-0.007834
4.359000	-0.008349
4.360000	-0.008862
4.361000	-0.009372
4.362000	-0.009881
4.363000	-0.010388
4.364000	-0.010892
4.365000	-0.011394
4.366000	-0.011894
4.367000	-0.012392
4.368000	-0.012887
4.369000	-0.013379
4.370000	-0.013869
4.371000	-0.014356
4.372000	-0.014840
4.373000	-0.015322
4.374000	-0.015800
4.375000	-0.016276
4.376000	-0.016749
4.377000	-0.017218
4.378000	-0.017685
4.379000	-0.018148
4.380000	-0.018608
4.381000	-0.019065
4.382000	-0.019518
4.383000	-0.019968
4.384000	-0.020414
4.385000	-0.020857
4.386000	-0.021296
4.387000	-0.021732
4.388000	-0.022164
4.389000	-0.022592
4.390000	-0.023016
4.391000	-0.023437
4.392000	-0.023853
4.393000	-0.024265
4.394000	-0.024674
4.395000	-0.025078
4.396000	-0.025478
4.397000	-0.025874
4.398000	-0.026265
4.399000	-0.026653
4.400000	-0.027036
4.401000	-0.027414
4.402000	-0.027788
4.403000	-0.028158
4.404000	-0.028523
4.405000	-0.028883
4.406000	-0.029239
4.407000	-0.029590
4.408000	-0.029936
4.409000	-0.030278
4.410000	-0.030615
4.411000	-0.030946
4.412000	-0.031273
4.413000	-0.031596
4.414000	-0.031913
4.415000	-0.032225
4.416000	-0.032532
4.417000	-0.032834
4.418000	-0.033131
4.419000	-0.033422
4.420000	-0.033709
4.421000	-0.033990
4.422000	-0.034266
4.423000	-0.034537
4.424000	-0.034802
4.425000	-0.035062
4.426000	-0.035317
4.427000	-0.035566
4.428000	-0.035810
4.429000	-0.036048
4.430000	-0.036281
4.431000	-0.036508
4.432000	-0.036730
4.433000	-0.036946
4.434000	-0.037157
4.435000	-0.037362
4.436000	-0.037562
4.437000	-0.037755
4.438000	-0.037943
4.439000	-0.038126
4.440000	-0.038303
4.441000	-0.038474
4.442000	-0.038639
4.443000	-0.038798
4.444000	-0.038952
4.445000	-0.039100
4.446000	-0.039242
4.447000	-0.039378
4.448000	-0.039509
4.449000	-0.039633
4.450000	-0.039752
4.451000	-0.039865
4.452000	-0.039972
4.453000	-0.040074
4.454000	-0.040169
4.455000	-0.040259
4.456000	-0.040342
4.457000	-0.040420
4.458000	-0.040492
4.459000	-0.040558
4.460000	-0.040618
4.461000	-0.040672
4.462000	-0.040720
4.463000	-0.040763
4.464000	-0.040799
4.465000	-0.040830
4.466000	-0.040855
4.467000	-0.040874
4.468000	-0.040887
4.469000	-0.040894
4.470000	-0.040895
4.471000	-0.040891
4.472000	-0.040880
4.473000	-0.040864
4.474000	-0.040842
4.475000	-0.040814
4.476000	-0.040781
4.477000	-0.040742
4.478000	-0.040696
4.479000	-0.040646
4.480000	-0.040589
4.481000	-0.040527
4.482000	-0.040459
4.483000	-0.040385
4.484000	-0.040306
4.485000	-0.040221
4.486000	-0.040130
4.487000	-0.040034
4.488000	-0.039932
4.489000	-0.039824
4.490000	-0.039712
4.491000	-0.039593
4.492000	-0.039469
4.493000	-0.039340
4.494000	-0.039205
4.495000	-0.039065
4.496000	-0.038919
4.497000	-0.038768
4.498000	-0.038612
4.499000	-0.038450
4.500000	-0.038284
4.501000	-0.038112
4.502000	-0.037934
4.503000	-0.037752
4.504000	-0.037564
4.505000	-0.037372
4.506000	-0.037174
4.507000	-0.036971
4.508000	-0.036763
4.509000	-0.036551
4.510000	-0.036333
4.511000	-0.036111
4.512000	-0.035883
4.513000	-0.035651
4.514000	-0.035414
4.515000	-0.035173
4.516000	-0.034926
4.517000	-0.034675
4.518000	-0.034420
4.519000	-0.034160
4.520000	-0.033895
4.521000	-0.033626
4.522000	-0.033353
4.523000	-0.033075
4.524000	-0.032793
4.525000	-0.032506
4.526000	-0.032216
4.527000	-0.031921
4.528000	-0.031622
4.529000	-0.031319
4.530000	-0.031011
4.531000	-0.030700
4.532000	-0.030385
4.533000	-0.030066
4.534000	-0.029743
4.535000	-0.029417
4.536000	-0.029086
4.537000	-0.028752
4.538000	-0.028415
4.539000	-0.028074
4.540000	-0.027729
4.541000	-0.027381
4.542000	-0.027029
4.543000	-0.026674
4.544000	-0.026316
4.545000	-0.025954
4.546000	-0.025589
4.547000	-0.025222
4.548000	-0.024851
4.549000	-0.024477
4.550000	-0.024100
4.551000	-0.023720
4.552000	-0.023337
4.553000	-0.022952
4.554000	-0.022564
4.555000	-0.022173
4.556000	-0.021779
4.557000	-0.021383
4.558000	-0.020985
4.559000	-0.020584
4.560000	-0.020180
4.561000	-0.019775
4.562000	-0.019367
4.563000	-0.018957
4.564000	-0.018545
4.565000	-0.018131
4.566000	-0.017714
4.567000	-0.017296
4.568000	-0.016876
4.569000	-0.016454
4.570000	-0.016031
4.571000	-0.015605
4.572000	-0.015179
4.573000	-0.014750
4.574000	-0.014320
4.575000	-0.013889
4.576000	-0.013456
4.577000	-0.013022
4.578000	-0.012587
4.579000	-0.012150
4.580000	-0.011713
4.581000	-0.011274
4.582000	-0.010834
4.583000	-0.010394
4.584000	-0.009952
4.585000	-0.009510
4.586000	-0.009067
4.587000	-0.008624
4.588000	-0.008180
4.589000	-0.007735
4.590000	-0.007290
4.591000	-0.006844
4.592000	-0.006398
4.593000	-0.005952
4.594000	-0.005506
4.595000	-0.005059
4.596000	-0.004612
4.597000	-0.004166
4.598000	-0.003719
4.599000	-0.003273
4.600000	-0.002826
4.601000	-0.002380
4.602000	-0.001934
4.603000	-0.001489
4.604000	-0.001044
4.605000	-0.000599
4.606000	-0.000155
4.607000	0.000288
4.608000	0.000731
4.609000	0.001173
4.610000	0.001614
4.611000	0.002054
4.612000	0.002494
4.613000	0.002932
4.614000	0.003369
4.615000	0.003806
4.616000	0.004241
4.617000	0.004675
4.618000	0.005107
4.619000	0.005538
4.620000	0.005968
4.621000	0.006396
4.622000	0.006823
4.623000	0.007249
4.624000	0.007672
4.625000	0.008094
4.626000	0.008514
4.627000	0.008932
4.628000	0.009349
4.629000	0.009763
4.630000	0.010176
4.631000	0.010586
4.632000	0.010995
4.633000	0.011401
4.634000	0.011805
4.635000	0.012207
4.636000	0.012606
4.637000	0.013003
4.638000	0.013398
4.639000	0.013790
4.640000	0.014180
4.641000	0.014567
4.642000	0.014951
4.643000	0.015333
4.644000	0.015712
4.645000	0.016088
4.646000	0.016462
4.647000	0.016832
4.648000	0.017200
4.649000	0.017564
4.650000	0.017926
4.651000	0.018284
4.652000	0.018640
4.653000	0.018992
4.654000	0.019341
4.655000	0.019686
4.656000	0.020029
4.657000	0.020368
4.658000	0.020703
4.659000	0.021036
4.660000	0.021364
4.661000	0.021690
4.662000	0.022011
4.663000	0.022329
4.664000	0.022644
4.665000	0.022954
4.666000	0.023261
4.667000	0.023565
4.668000	0.023864
4.669000	0.024160
4.670000	0.024451
4.671000	0.024739
4.672000	0.025023
4.673000	0.025303
4.674000	0.025579
4.675000	0.025851
4.676000	0.026118
4.677000	0.026382
4.678000	0.026641
4.679000	0.026897
4.680000	0.027148
4.681000	0.027395
4.682000	0.027637
4.683000	0.027876
4.684000	0.028110
4.685000	0.028339
4.686000	0.028564
4.687000	0.028785
4.688000	0.029002
4.689000	0.029214
4.690000	0.029421
4.691000	0.029624
4.692000	0.029823
4.693000	0.030017
4.694000	0.030206
4.695000	0.030391
4.696000	0.030571
4.697000	0.030746
4.698000	0.030917
4.699000	0.031084
4.700000	0.031245
4.701000	0.031402
4.702000	0.031554
4.703000	0.031702
4.704000	0.031844
4.705000	0.031982
4.706000	0.032115
4.707000	0.032244
4.708000	0.032367
4.709000	0.032486
4.710000	0.032600
4.711000	0.032709
4.712000	0.032814
4.713000	0.032913
4.714000	0.033008
4.715000	0.033098
4.716000	0.033183
4.717000	0.033263
4.718000	0.033338
4.719000	0.033408
4.720000	0.033474
4.721000	0.033534
4.722000	0.033590
4.723000	0.033641
4.724000	0.033687
4.725000	0.033728
4.726000	0.033764
4.727000	0.033796
4.728000	0.033822
4.729000	0.033844
4.730000	0.033860
4.731000	0.033872
4.732000	0.033879
4.733000	0.033882
4.734000	0.033879
4.735000	0.033871
4.736000	0.033859
4.737000	0.033842
4.738000	0.033820
4.739000	0.033793
4.740000	0.033762
4.741000	0.033725
4.742000	0.033684
4.743000	0.033638
4.744000	0.033588
4.745000	0.033532
4.746000	0.033472
4.747000	0.033408
4.748000	0.033338
4.749000	0.033264
4.750000	0.033185
4.751000	0.033102
4.752000	0.033014
4.753000	0.032922
4.754000	0.032825
4.755000	0.032723
4.756000	0.032617
4.757000	0.032506
4.758000	0.032391
4.759000	0.032271
4.760000	0.032147
4.761000	0.032019
4.762000	0.031886
4.763000	0.031748
4.764000	0.031607
4.765000	0.031461
4.766000	0.031311
4.767000	0.031156
4.768000	0.030998
4.769000	0.030835
4.770000	0.030668
4.771000	0.030496
4.772000	0.030321
4.773000	0.030142
4.774000	0.029958
4.775000	0.029771
4.776000	0.029579
4.777000	0.029384
4.778000	0.029185
4.779000	0.028981
4.780000	0.028774
4.781000	0.028563
4.782000	0.028349
4.783000	0.028130
4.784000	0.027908
4.785000	0.027683
4.786000	0.027453
4.787000	0.027220
4.788000	0.026984
4.789000	0.026744
4.790000	0.026500
4.791000	0.026253
4.792000	0.026003
4.793000	0.025749
4.794000	0.025492
4.795000	0.025232
4.796000	0.024968
4.797000	0.024701
4.798000	0.024431
4.799000	0.024158
4.800000	0.023882
4.801000	0.023603
4.802000	0.023321
4.803000	0.023036
4.804000	0.022748
4.805000	0.022458
4.806000	0.022164
4.807000	0.021868
4.808000	0.021569
4.809000	0.021267
4.810000	0.020963
4.811000	0.020656
4.812000	0.020347
4.813000	0.020035
4.814000	0.019721
4.815000	0.019405
4.816000	0.019086
4.817000	0.018765
4.818000	0.018441
4.819000	0.018116
4.820000	0.017788
4.821000	0.017458
4.822000	0.017127
4.823000	0.016793
4.824000	0.016457
4.825000	0.016120
4.826000	0.015780
4.827000	0.015439
4.828000	0.015097
4.829000	0.014752
4.830000	0.014406
4.831000	0.014058
4.832000	0.013709
4.833000	0.013359
4.834000	0.013007
4.835000	0.012653
4.836000	0.012298
4.837000	0.011943
4.838000	0.011585
4.839000	0.011227
4.840000	0.010868
4.841000	0.010507
4.842000	0.010146
4.843000	0.009784
4.844000	0.009420
4.845000	0.009056
4.846000	0.008691
4.847000	0.008326
4.848000	0.007960
4.849000	0.007593
4.850000	0.007226
4.851000	0.006858
4.852000	0.006489
4.853000	0.006121
4.854000	0.005752
4.855000	0.005382
4.856000	0.005012
4.857000	0.004643
4.858000	0.004273
4.859000	0.003903
4.860000	0.003533
4.861000	0.003163
4.862000	0.002793
4.863000	0.002423
4.864000	0.002053
4.865000	0.001684
4.866000	0.001315
4.867000	0.000946
4.868000	0.000577
4.869000	0.000210
4.870000	-0.000158
4.871000	-0.000525
4.872000	-0.000891
4.873000	-0.001257
4.874000	-0.001622
4.875000	-0.001986
4.876000	-0.002349
4.877000	-0.002712
4.878000	-0.003074
4.879000	-0.003434
4.880000	-0.003794
4.881000	-0.004152
4.882000	-0.004510
4.883000	-0.004866
4.884000	-0.005222
4.885000	-0.005575
4.886000	-0.005928
4.887000	-0.006279
4.888000	-0.006629
4.889000	-0.006978
4.890000	-0.007324
4.891000	-0.007670
4.892000	-0.008014
4.893000	-0.008356
4.894000	-0.008696
4.895000	-0.009035
4.896000	-0.009372
4.897000	-0.009707
4.898000	-0.010040
4.899000	-0.010372
4.900000	-0.010701
4.901000	-0.011028
4.902000	-0.011354
4.903000	-0.011677
4.904000	-0.011998
4.905000	-0.012317
4.906000	-0.012634
4.907000	-0.012948
4.908000	-0.013261
4.909000	-0.013570
4.910000	-0.013878
4.911000	-0.014183
4.912000	-0.014486
4.913000	-0.014786
4.914000	-0.015083
4.915000	-0.015378
4.916000	-0.015671
4.917000	-0.015960
4.918000	-0.016247
4.919000	-0.016532
4.920000	-0.016813
4.921000	-0.017092
4.922000	-0.017368
4.923000	-0.017641
4.924000	-0.017911
4.925000	-0.018178
4.926000	-0.018442
4.927000	-0.018703
4.928000	-0.018961
4.929000	-0.019216
4.930000	-0.019468
4.931000	-0.019717
4.932000	-0.019963
4.933000	-0.020205
4.934000	-0.020444
4.935000	-0.020680
4.936000	-0.020913
4.937000	-0.021142
4.938000	-0.021368
4.939000	-0.021590
4.940000	-0.021810
4.941000	-0.022025
4.942000	-0.022238
4.943000	-0.022446
4.944000	-0.022652
4.945000	-0.022853
4.946000	-0.023052
4.947000	-0.023246
4.948000	-0.023437
4.949000	-0.023625
4.950000	-0.023808
4.951000	-0.023989
4.952000	-0.024165
4.953000	-0.024338
4.954000	-0.024507
4.955000	-0.024672
4.956000	-0.024833
4.957000	-0.024991
4.958000	-0.025145
4.959000	-0.025295
4.960000	-0.025441
4.961000	-0.025584
4.962000	-0.025723
4.963000	-0.025857
4.964000	-0.025988
4.965000	-0.026115
4.966000	-0.026238
4.967000	-0.026357
4.968000	-0.026472
4.969000	-0.026583
4.970000	-0.026691
4.971000	-0.026794
4.972000	-0.026893
4.973000	-0.026989
4.974000	-0.027080
4.975000	-0.027167
4.976000	-0.027251
4.977000	-0.027330
4.978000	-0.027405
4.979000	-0.027476
4.980000	-0.027544
4.981000	-0.027607
4.982000	-0.027666
4.983000	-0.027721
4.984000	-0.027772
4.985000	-0.027819
4.986000	-0.027862
4.987000	-0.027901
4.988000	-0.027936
4.989000	-0.027967
4.990000	-0.027994
4.991000	-0.028017
4.992000	-0.028036
4.993000	-0.028050
4.994000	-0.028061
4.995000	-0.028068
4.996000	-0.028071
4.997000	-0.028069
4.998000	-0.028064
4.999000	-0.028055
