4

0.0	0.0
-2.4712389774953384E10	-2.1837372294411343E11
-1.436232264182898E11	-4.22218424629586E10
-1.4362466552154584E11	-4.222226552538715E10
4

-64.10609465865855	-22.423465356410624
-2.2553151290886E10	-2.184291254323082E11
-1.4293911948918964E11	-4.469968305285187E10
-1.4297439209003235E11	-4.4643300910541275E10
4

-255.84853680193442	-91.13336294797267
-2.039391284418044E10	-2.1848452785902316E11
-1.422550125424349E11	-4.717752364437095E10
-1.4229804604219543E11	-4.708161180818993E10
4

-574.2815394695579	-208.25485833132961
-1.823467443599351E10	-2.1853993022412567E11
-1.4157090557800293E11	-4.965536423730266E10
-1.416897420117083E11	-4.94964437850859E10
4

-1018.3522943316373	-375.86338100751465
-1.6075436067492891E10	-2.1859533252751797E11
-1.408867985958814E11	-5.2133204831435036E10
-1.4103235665221555E11	-5.1980037427063416E10
4

-1586.9042701570424	-595.979486302438
-1.3916197739855686E10	-2.1865073476913635E11
-1.402026915960678E11	-5.461104542655894E10
-1.403257699894819E11	-5.451472728910895E10
4

-2278.6809284753394	-870.5640114321001
-1.1756959454266983E10	-2.1870613694895334E11
-1.3951858457857016E11	-5.70888860224671E10
-1.3953542149015704E11	-5.700547280541327E10
4

-3092.3298244265925	-1201.5135568664364
-9.59772121191831E9	-2.1876153906697772E11
-1.3883447754340558E11	-5.9566726618957085E10
-1.3894905672245816E11	-5.929216669423397E10
4

-4026.407057511702	-1590.6563201961849
-7.438483014006026E9	-2.1881694112325693E11
-1.3815037049060068E11	-6.204456721582679E10
-1.383467992228278E11	-6.162082565128551E10
4

-5079.382034238399	-2039.7483055046312
-5.27924486172962E9	-2.1887234311787717E11
-1.374662634201905E11	-6.4522407812868E10
-1.3773844195291125E11	-6.396281311623373E10
4

-6249.642502541229	-2550.4699268351173
-3.1200067562898626E9	-2.1892774505096497E11
-1.3678215633221982E11	-6.700024840990211E10
-1.3712661587322322E11	-6.63119651806318E10
4

-7535.4998163496	-3124.423019813706
-9.607686988869715E8	-2.1898314692268744E11
-1.3609804922674023E11	-6.947808900674553E10
-1.3651249610056204E11	-6.866571059496214E10
4

-8935.194387794727	-3763.1282709186635
1.1984693092813692E9	-2.1903854873325403E11
-1.3541394210381216E11	-7.195592960320537E10
-1.3589672686177086E11	-7.102269329172572E10
4

-10446.901284269601	-4468.023069370177
3.3577072670220194E9	-2.1909395048291592E11
-1.3472983496350314E11	-7.443377019909662E10
-1.3527970525628558E11	-7.338209875516966E10
4

-12068.735927862925	-5240.459782220757
5.51694517314848E9	-2.191493521719676E11
-1.3404572780588791E11	-7.69116107942464E10
-1.3466169568745137E11	-7.574339476778252E10
4

-13798.75985554164	-6081.7044490302615
7.676183026482928E9	-2.1920475380074686E11
-1.3336162063104756E11	-7.938945138848279E10
-1.3404288416667567E11	-7.810621227649292E10
4

-15634.986499815643	-6992.935888574083
9.835420825858665E9	-2.1926015536963583E11
-1.326775134390702E11	-8.186729198163911E10
-1.3342340708919489E11	-8.047028376129282E10
4

-17575.386951422202	-7975.245206408161
1.1994658570121998E10	-2.1931555687906E11
-1.3199340623004916E11	-8.43451325735532E10
-1.3280336775962004E11	-8.283540850062868E10
4

-19617.89566776322	-9029.63568884415
1.4153896258134737E10	-2.1937095832948953E11
-1.31309299004084E11	-8.68229731640675E10
-1.321828464850237E11	-8.52014316777814E10
4

-21760.416093353	-10157.023066005258
1.6313133888776335E10	-2.194263597214384E11
-1.3062519176127881E11	-8.930081375302837E10
-1.3156190704760995E11	-8.756823115031328E10
4

-24000.826161312863	-11358.236124156023
1.8472371460946182E10	-2.194817610554641E11
-1.2994108450174316E11	-9.177865434028677E10
-1.3094060102372845E11	-8.993570871577191E10
4

-26336.98364792884	-12634.017645440046
2.0631608973565952E10	-2.1953716233216898E11
-1.2925697722559068E11	-9.425649492570094E10
-1.3031897076244588E11	-9.230378414334464E10
4

-28766.731355403066	-13985.025651522585
2.2790846425581818E10	-2.195925635521967E11
-1.2857286993293967E11	-9.673433550912923E10
-1.2969705149772105E11	-9.467239097532005E10
4

-31287.9021011038	-15411.834926403631
2.495008381596653E10	-2.19647964716235E11
-1.2788876262391185E11	-9.921217609043819E10
-1.29074872882373E11	-9.704147349930936E10
4

-33898.32349482052	-16914.938792838304
2.710932114372185E10	-2.1970336582501248E11
-1.2720465529863295E11	-1.016900166694967E11
-1.2845246012540955E11	-9.941098451734383E10
4

-36595.82248868846	-18494.751116342723
2.926855840788049E10	-2.1975876687929886E11
-1.2652054795723201E11	-1.0416785724617746E11
-1.2782983485067442E11	-1.0178088367099258E11
4

-39378.22968752329	-20151.60851065537
3.1427795607508255E10	-2.1981416787990366E11
-1.2583644059984135E11	-1.0664569782035875E11
-1.272070157555634E11	-1.0415113616292476E11
4

-42243.383410267365	-21885.772718732984
3.3587032741706173E10	-2.1986956882767496E11
-1.251523332265958E11	-1.0912353839192168E11
-1.2658401912358554E11	-1.0652171176663756E11
4

-45189.133496043876	-23697.433143844373
3.574626980961221E10	-2.19924969723498E11
-1.2446822583763333E11	-1.1160137896075021E11
-1.2596085922832764E11	-1.0889258404922719E11
4

-48213.34485094387	-25586.709506075127
3.790550681040295E10	-2.199803705682935E11
-1.2378411843309427E11	-1.140792195267342E11
-1.2533754865550389E11	-1.1126372975410645E11
4

-51313.900734093244	-27553.65460049317
4.006474374329564E10	-2.2003577136301675E11
-1.2310001101312134E11	-1.1655706008976582E11
-1.2471409856238356E11	-1.1363512830547603E11
4

-54488.70578375033	-29598.257134358308
4.222398060754978E10	-2.2009117210865546E11
-1.2241590357785959E11	-1.1903490064973907E11
-1.2409051888877237E11	-1.1600676140663E11
4

-57735.68878617835	-31720.444622023115
4.438321740246808E10	-2.2014657280622794E11
-1.2173179612745583E11	-1.2151274120655498E11
-1.2346681853007321E11	-1.1837861271142462E11
4

-61052.80519179472	-33920.08631753969
4.654245412739839E10	-2.2020197345678076E11
-1.2104768866205923E11	-1.2399058176011406E11
-1.2284300548039276E11	-1.2075066755337082E11
4

-64438.03938463405	-36196.99616644458
4.870169078173437E10	-2.202573740613877E11
-1.2036358118182056E11	-1.2646842231032112E11
-1.2221908695173363E11	-1.2312291272056847E11
4

-67889.40671248164	-38550.93575968545
5.0860927364917274E10	-2.2031277462114697E11
-1.196794736868923E11	-1.2894626285708516E11
-1.2159506947394589E11	-1.2549533626741331E11
4

-71404.9552861399	-40981.61727416632
5.3020163876435234E10	-2.2036817513717938E11
-1.1899536617742868E11	-1.3142410340031644E11
-1.2097095897908488E11	-1.2786792735605692E11
4

-74982.76755718511	-43488.70638592289
5.517940031582597E10	-2.2042357561062555E11
-1.1831125865358514E11	-1.3390194393992928E11
-1.2034676087300581E11	-1.302406761221164E11
4

-78620.96168430548	-46071.82514341395
5.733863668267609E10	-2.2047897604264447E11
-1.1762715111551915E11	-1.3637978447583907E11
-1.197224800964718E11	-1.3261357356028294E11
4

-82317.69269881272	-48730.55478989701
5.949787297662188E10	-2.2053437643441086E11
-1.1694304356338902E11	-1.3885762500796808E11
-1.190981211775735E11	-1.3498661142638849E11
4

-86071.15348035019	-51464.43852524252
6.16571091973493E10	-2.2058977678711218E11
-1.1625893599735449E11	-1.4133546553623196E11
-1.184736882769067E11	-1.373597821531358E11
4

-89879.57555400237	-54272.98419890862
6.3816345344594315E10	-2.2064517710194785E11
-1.1557482841757652E11	-1.4381330606056058E11
-1.1784918522669144E11	-1.3973307877725623E11
4

-93741.22972014287	-57155.666927051374
6.597558141814267E10	-2.20700577380125E11
-1.1489072082421736E11	-1.462911465808781E11
-1.1722461556477243E11	-1.4210649487629468E11
4

-97654.42652833533	-60111.931627959144
6.813481741782967E10	-2.2075597762285812E11
-1.1420661321744003E11	-1.4876898709711557E11
-1.1659998256431499E11	-1.4448002451348434E11
4

-101617.51660648773	-63141.195471100946
7.029405334353978E10	-2.2081137783136493E11
-1.1352250559740863E11	-1.5124682760920358E11
-1.1597528925980544E11	-1.4685366218954758E11
4

-105628.89085627711	-66242.85023611477
7.245328919520609E10	-2.2086677800686588E11
-1.1283839796428815E11	-1.5372466811707837E11
-1.1535053846992532E11	-1.4922740280034616E11
4

-109686.98052555916	-69416.2645790021
7.461252497280931E10	-2.209221781505806E11
-1.1215429031824466E11	-1.5620250862067618E11
-1.1472573281772208E11	-1.5160124159958908E11
4

-113790.2571681832	-72660.78620365908
7.677176067637791E10	-2.209775782637266E11
-1.1147018265944444E11	-1.5868034911993488E11
-1.1410087474846745E11	-1.5397517416585043E11
4

-117937.23250122368	-75975.74393763213
7.893099630598618E10	-2.2103297834751675E11
-1.1078607498805481E11	-1.6115818961479874E11
-1.1347596654550682E11	-1.5634919637333286E11
4

-122126.4581692447	-79360.4497117074
8.109023186175359E10	-2.2108837840315784E11
-1.101019673042433E11	-1.636360301052118E11
-1.1285101034437218E11	-1.5872330436587054E11
4

-126356.52542475276	-82814.20044353024
8.32494673438434E10	-2.2114377843184775E11
-1.0941785960817857E11	-1.661138705911209E11
-1.1222600814537631E11	-1.6109749453373984E11
4

-130626.06473352667	-86336.2798260115
8.54087027524621E10	-2.211991784347747E11
-1.0873375190002895E11	-1.6859171107247708E11
-1.1160096182488832E11	-1.6347176349293576E11
4

-134933.74531305392	-89925.96002173763
8.756793808785696E10	-2.212545784131146E11
-1.080496441799632E11	-1.710695515492274E11
-1.1097587314545016E11	-1.658461080665772E11
4

-139278.2746117994	-93582.50326501523
8.972717335031555E10	-2.2130997836803036E11
-1.073655364481508E11	-1.73547392021332E11
-1.1035074376487526E11	-1.6822052526822217E11
4

-143658.3977365404	-97305.16337352428
9.188640854016354E10	-2.2136537830066937E11
-1.0668142870476039E11	-1.7602523248874594E11
-1.097255752444503E11	-1.7059501228681854E11
4

-148072.89683456172	-101093.18717183772
9.404564365776384E10	-2.214207782121629E11
-1.0599732094996147E11	-1.785030729514278E11
-1.0910036905634435E11	-1.7296956647313843E11
4

-152520.5904369828	-104945.81582930806
9.620487870351445E10	-2.2147617810362448E11
-1.0531321318392276E11	-1.8098091340933978E11
-1.0847512659031587E11	-1.7534418532749072E11
4

-157000.33276906333	-108862.28611502149
9.836411367784695E10	-2.2153157797614816E11
-1.0462910540681339E11	-1.8345875386244754E11
-1.078498491597984E11	-1.7771886648860074E11
4

-161511.01303286708	-112841.8315726504
1.005233485812252E11	-2.2158697783080838E11
-1.0394499761880147E11	-1.859365943107195E11
-1.072245380074308E11	-1.800936077234985E11
4

-166051.55466725558	-116883.68361816362
1.02682583414143E11	-2.2164237766865903E11
-1.0326088982005515E11	-1.884144347541202E11
-1.065991943100932E11	-1.8246840691832086E11
4

-170620.91458974913	-120987.07256342679
1.0484181817712285E11	-2.216977774907311E11
-1.0257678201074179E11	-1.908922751926275E11
-1.0597381918349817E11	-1.848432620699329E11
4

-175218.08242442424	-125151.22856876263
1.0700105287071405E11	-2.2175317729803348E11
-1.0189267419102869E11	-1.9337011562621167E11
-1.0534841368638887E11	-1.872181712782754E11
4

-179842.07971961523	-129375.38252759396
1.091602874954912E11	-2.2180857709155182E11
-1.0120856636108177E11	-1.9584795605485065E11
-1.047229788243801E11	-1.8959313273935638E11
4

-184491.95915887546	-133658.76688624232
1.1131952205205219E11	-2.218639768722464E11
-1.0052445852106635E11	-1.9832579647852466E11
-1.0409751555347949E11	-1.9196814473884653E11
4

-189166.80376828072	-138000.61640198622
1.134787565410166E11	-2.2191937664105566E11
-9.98403506711471E10	-2.0080363689721487E11
-1.0347202478331699E11	-1.943432056461951E11
4

-193865.72612288204	-142400.1688424057
1.1563799096302435E11	-2.2197477639889053E11
-9.9156242811487E10	-2.0328147731090512E11
-1.0284650738012126E11	-1.9671831390921567E11
4

-198587.86755481182	-146856.66562901976
1.1779722531873369E11	-2.2203017614663718E11
-9.847213494224861E10	-2.0575931771958154E11
-1.0222096416945427E11	-1.9909346804911893E11
4

-203332.3973652623	-151369.3524281271
1.1995645960881978E11	-2.2208557588516003E11
-9.778802706359325E10	-2.0823715812323282E11
-1.0159539593873248E11	-2.0146866665592487E11
4

-208098.512042338	-155937.4796917074
1.221156938339731E11	-2.221409756152918E11
-9.71039191756802E10	-2.1071499852184985E11
-1.0096980343955774E11	-2.038439083842315E11
4

-212885.4344865154	-160560.3031511723
1.2427492799489774E11	-2.221963753378448E11
-9.64198112786686E10	-2.1319283891542563E11
-1.0034418738987378E11	-2.0621919194930826E11
4

-217692.41324526616	-165237.08426662316
1.2643416209231036E11	-2.222517750536043E11
-9.573570337271503E10	-2.1567067930395572E11
-9.971854847595445E10	-2.08594516123481E11
4

-222518.72175815367	-169967.09063422406
1.285933961269385E11	-2.2230717476332834E11
-9.505159545797534E10	-2.1814851968743503E11
-9.909288735425177E10	-2.1096987973277686E11
4

-227363.65761359644	-174749.59635418345
1.3075263009951903E11	-2.2236257446775305E11
-9.43674875346035E10	-2.2062636006586218E11
-9.846720465311354E10	-2.133452816538247E11
4

-232226.54181825923	-179583.8823617369
1.3291186401079716E11	-2.224179741675837E11
-9.368337960275208E10	-2.2310420043923956E11
-9.784150097437001E10	-2.1572072081096796E11
4

-237106.71807992854	-184469.23672342332
1.3507109786152475E11	-2.2247337386350558E11
-9.299927166257126E10	-2.2558204080757135E11
-9.721577689481726E10	-2.1809619617358325E11
4

-242003.55210456788	-189404.95490086303
1.3723033165246016E11	-2.2252877355617975E11
-9.231516371421057E10	-2.2805988117086224E11
-9.659003296759346E10	-2.2047170675359216E11
4

-246916.4309081337	-194390.33998413174
1.39389565384365E11	-2.225841732462375E11
-9.163105575781662E10	-2.305377215291185E11
-9.596426972346504E10	-2.2284725160313437E11
4

-251844.76214361453	-199424.70289671392
1.4154879905800552E11	-2.2263957293429843E11
-9.094694779353525E10	-2.3301556188234854E11
-9.533848767202022E10	-2.25222829812402E11
4

-256787.97344364817	-204507.3625739537
1.4370803267414978E11	-2.2269497262093155E11
-9.026283982150977E10	-2.354934022305623E11
-9.471268730279027E10	-2.275984405076181E11
4

-261745.51177898602	-209637.64611679842
1.4586726623356754E11	-2.2275037230671082E11
-8.957873184188135E10	-2.3797124257377142E11
-9.408686908629337E10	-2.299740828491522E11
4

-266716.8428330098	-214814.88892255377
1.480264997370286E11	-2.2280577199224792E11
-8.889462385478975E10	-2.404490829119892E11
-9.34610334750133E10	-2.3234975602974908E11
4

-271701.4503923729	-220038.43479425553
1.5018573318530225E11	-2.2286117167792072E11
-8.821051586037268E10	-2.429269232452305E11
-9.283518090431206E10	-2.3472545927288104E11
4

-276698.83575385157	-225307.63603021257
1.523449665791571E11	-2.2291657136431424E11
-8.752640785876556E10	-2.4540476357351193E11
-9.220931179329044E10	-2.3710119183119687E11
4

-281708.51714736375	-230621.85349514856
1.5450419991935947E11	-2.2297197105187756E11
-8.684229985010207E10	-2.478826038968506E11
-9.158342654559006E10	-2.3947695298507324E11
4

-286730.0291751064	-235980.45667432385
1.566634332066727E11	-2.23027370741083E11
-8.61581918345136E10	-2.5036044421526282E11
-9.095752555015038E10	-2.4185274204124957E11
4

-291762.922266695	-241382.82371191322
1.5882266644185696E11	-2.2308277043236053E11
-8.547408381212955E10	-2.5283828452877304E11
-9.033160918191728E10	-2.4422855833155115E11
4

-296806.76215015183	-246828.3414348609
1.6098189962566803E11	-2.2313817012612088E11
-8.478997578307732E10	-2.553161248373982E11
-8.970567780250845E10	-2.4660440121168732E11
4

-301861.1293385569	-252316.4053633452
1.6314113275885764E11	-2.2319356982276767E11
-8.410586774748221E10	-2.5779396514116504E11
-8.90797317608408E10	-2.4898027006012256E11
4

-306925.6186321463	-257846.41970892757
1.653003658421714E11	-2.232489695226732E11
-8.342175970546759E10	-2.602718054400911E11
-8.845377139372513E10	-2.5135616427700702E11
4

-311999.8386356374	-263417.7973613857
1.6745959887634955E11	-2.2330436922619775E11
-8.273765165715404E10	-2.627496457342051E11
-8.78277970264193E10	-2.5373208328318216E11
4

-317083.4112904665	-269029.95986517484
1.6961883186212662E11	-2.2335976893368884E11
-8.205354360266083E10	-2.652274860235315E11
-8.720180897315395E10	-2.56108026519226E11
4

-322175.9714217175	-274682.33738642663
1.7177806480023007E11	-2.234151686454672E11
-8.13694355421051E10	-2.6770532630809598E11
-8.657580753762764E10	-2.5848399344456985E11
4

-327277.16629938467	-280374.3686712372
1.739372976913808E11	-2.2347056836184314E11
-8.068532747560153E10	-2.7018316658792535E11
-8.594979301347455E10	-2.608599835366525E11
4

-332386.6552137257	-286105.50099613
1.760965305362919E11	-2.2352596808311026E11
-8.00012194032627E10	-2.726610068630479E11
-8.53237656847083E10	-2.6323599629012604E11
4

-337504.10906431894	-291875.1901112905
1.7825576333566898E11	-2.2358136780954672E11
-7.931711132519966E10	-2.7513884713349316E11
-8.469772582613614E10	-2.6561203121610605E11
4

-342629.2099625361	-297682.9001773461
1.804149960902106E11	-2.2363676754141617E11
-7.86330032415212E10	-2.776166873992916E11
-8.40716737037577E10	-2.6798808784146014E11
4

-347761.6508471051	-303528.1036962942
1.8257422880060553E11	-2.2369216727896802E11
-7.794889515233333E10	-2.8009452766046234E11
-8.344560957513739E10	-2.7036416570813336E11
4

-352901.13511239074	-309410.2814371108
1.8473346146753586E11	-2.2374756702243817E11
-7.726478705774153E10	-2.825723679170449E11
-8.281953368976108E10	-2.7274026437251352E11
4

-358047.3762490887	-315328.9223566565
1.8689269409167426E11	-2.2380296677204828E11
-7.658067895784756E10	-2.8505020816907697E11
-8.219344628936833E10	-2.751163834048318E11
4

-363200.097496989	-321283.523516367
1.8905192667368436E11	-2.2385836652800726E11
-7.589657085275284E10	-2.875280484165711E11
-8.156734760827495E10	-2.7749252238857904E11
4

-368359.0315094252	-327273.5899951687
1.9121115921422186E11	-2.2391376629051422E11
-7.521246274255583E10	-2.900058886595791E11
-8.09412378736735E10	-2.798686809199748E11
4

-373523.92002914974	-333298.63479909964
1.9337039171393307E11	-2.2396916605975452E11
-7.452835462735313E10	-2.924837288981155E11
-8.031511730591928E10	-2.822448586074443E11
4

-378694.51357524795	-339358.17876802705
1.955296241734548E11	-2.240245658359034E11
-7.38442465072398E10	-2.9496156913223145E11
-7.968898611880574E10	-2.846210550711318E11
4

-383870.57114077336	-345451.7504798186
1.976888565934157E11	-2.2407996561912262E11
-7.316013838230905E10	-2.9743940936194086E11
-7.906284451982092E10	-2.8699726994244214E11
4

-389051.8599007632	-351578.8861523631
1.9984808897443408E11	-2.2413536540956622E11
-7.24760302526515E10	-2.9991724958728705E11
-7.84366927103981E10	-2.893735028635768E11
4

-394238.154930346	-357739.1295437015
2.0200732131712015E11	-2.2419076520737817E11
-7.179192211835701E10	-3.0239508980830536E11
-7.781053088614447E10	-2.917497534871425E11
4

-399429.23893260554	-363932.0318506524
2.0416655362207394E11	-2.2424616501269086E11
-7.110781397951247E10	-3.0487293002502747E11
-7.718435923706926E10	-2.941260214757316E11
4

-404624.9019758753	-370157.15160611493
2.063257858898867E11	-2.2430156482563055E11
-7.042370583620435E10	-3.073507702374857E11
-7.655817794779398E10	-2.9650230650154944E11
4

-409824.9412402047	-376414.05457536626
2.0848501812114047E11	-2.2435696464631143E11
-6.973959768851578E10	-3.098286104457135E11
-7.593198719775574E10	-2.98878608246048E11
4

-415029.160772632	-382702.31365157466
2.106442503164073E11	-2.24412364474842E11
-6.905548953652963E10	-3.1230645064974524E11
-7.530578716139983E10	-3.012549263995786E11
4

-420237.37125104875	-389021.5087507368
2.1280348247625128E11	-2.24467764311321E11
-6.837138138032583E10	-3.147842908496162E11
-7.46795780083669E10	-3.036312606610643E11
4

-425449.38975630555	-395371.2267062304
2.1496271460122614E11	-2.2452316415584033E11
-6.7687273219983765E10	-3.172621310453626E11
-7.405335990366049E10	-3.0600761073768274E11
4

-430665.03955233307	-401751.06116320094
2.171219466918771E11	-2.245785640084841E11
-6.70031650555806E10	-3.197399712370219E11
-7.34271330078252E10	-3.083839763445706E11
4

-435884.14987398026	-408160.6124728924
2.1928117874874026E11	-2.2463396386932877E11
-6.631905688719191E10	-3.222178114246164E11
-7.280089747710025E10	-3.10760357204536E11
4

-441106.55572229944	-414599.4875871394
2.214404107723426E11	-2.246893637384473E11
-6.563494871489177E10	-3.24695651608189E11
-7.217465346357515E10	-3.131367530477779E11
4

-446332.0976670603	-421067.29995310423
2.2359964276320197E11	-2.247447636159008E11
-6.49508405387524E10	-3.2717349178778015E11
-7.154840111533466E10	-3.155131636116298E11
4

-451560.6216562031	-427563.6694084245
2.2575887472182776E11	-2.2480016350174872E11
-6.426673235884508E10	-3.2965133196340784E11
-7.092214057659944E10	-3.178895886403105E11
4

-456791.97883203084	-434088.22207686456
2.2791810664872018E11	-2.2485556339604343E11
-6.358262417523927E10	-3.321291721351227E11
-7.029587198785974E10	-3.202660278846822E11
4

-462026.0253538507	-440640.5902645894
2.3007733854437128E11	-2.2491096329883087E11
-6.2898515988002716E10	-3.3460701230295435E11
-6.966959548600206E10	-3.226424811020224E11
4

-467262.6222269097	-447220.4123571415
2.3223657040926392E11	-2.2496636321015167E11
-6.22144077972024E10	-3.370848524669265E11
-6.904331120443507E10	-3.250189480558004E11
4

-472501.6351373388	-453827.33271724306
2.3439580224387323E11	-2.250217631300445E11
-6.1530299602903E10	-3.395626926270869E11
-6.841701927320362E10	-3.273954285154794E11
4

-477742.9342929398	-460461.00158343173
2.365550340486654E11	-2.250771630585382E11
-6.084619140516868E10	-3.4204053278346686E11
-6.7790719819102036E10	-3.2977192225630286E11
4

-482986.3942695844	-467121.0749696822
2.3871426582409796E11	-2.2513256299566006E11
-6.01620832040618E10	-3.445183729360982E11
-6.7164412965784355E10	-3.3214842905910614E11
4

-488231.89386301814	-473807.2145660172
2.4087349757062158E11	-2.2518796294143356E11
-5.947797499964322E10	-3.469962130850137E11
-6.653809883386427E10	-3.345249487101344E11
4

-493479.3159459327	-480519.087640179
2.430327292886776E11	-2.2524336289587643E11
-5.879386679197299E10	-3.4947405323024677E11
-6.591177754101604E10	-3.369014810008612E11
4

-498728.5473300141	-487256.36694041727
2.451919609787003E11	-2.2529876285900272E11
-5.810975858110967E10	-3.519518933718316E11
-6.52854492020693E10	-3.392780257278197E11
4

-503979.47863291216	-494018.7305994342
2.4735119264111542E11	-2.2535416283082303E11
-5.7425650367110535E10	-3.5442973350980334E11
-6.465911392910064E10	-3.416545826924433E11
4

-509232.004149861	-500805.86203951435
2.4951042427634207E11	-2.2540956281134448E11
-5.674154215003164E10	-3.5690757364419763E11
-6.403277183152026E10	-3.440311517009081E11
4

-514486.02172981825	-507617.44987889414
2.5166965588479044E11	-2.2546496280057068E11
-5.605743392992768E10	-3.5938541377504407E11
-6.3406423016157394E10	-3.464077325639767E11
4

-519741.4326559767	-514453.18783936225
2.5382888746686407E11	-2.2552036279850208E11
-5.537332570685275E10	-3.618632539023648E11
-6.278006758734036E10	-3.487843250968625E11
4

-524998.1415304592	-521312.7746551548
2.5598811902295944E11	-2.255757628051361E11
-5.468921748085926E10	-3.6434109402621497E11
-6.215370564697505E10	-3.511609291190838E11
4

-530256.0561630665	-528195.9139831403
2.5814735055346475E11	-2.2563116282046713E11
-5.400510925199854E10	-3.668189341466037E11
-6.1527337294618004E10	-3.5353754445433203E11
4

-535515.0874639085	-535102.3143143064
2.6030658205876254E11	-2.256865628444871E11
-5.332100102032113E10	-3.6929677426358514E11
-6.090096262754985E10	-3.5591417093034973E11
4

-540775.1493398586	-542031.6888866104
2.6246581353922705E11	-2.2574196287718503E11
-5.263689278587644E10	-3.717746143771666E11
-6.027458174084452E10	-3.58290808378797E11
4

-546036.1585945153	-548983.7555990847
2.6462504499522662E11	-2.2579736291854758E11
-5.1952784548712616E10	-3.7425245448740393E11
-5.9648194727434586E10	-3.6066745663514294E11
4

-551298.0348317848	-555958.2369273745
2.6678427642712207E11	-2.2585276296855887E11
-5.126867630887677E10	-3.767302945943166E11
-5.902180167817552E10	-3.630441155385468E11
4

-556560.7003627443	-562954.8598405591
2.6894350783526846E11	-2.2590816302720157E11
-5.0584568066415405E10	-3.7920813469792786E11
-5.839540268190823E10	-3.6542078493174316E11
4

-561824.0801157797	-569973.3557193466
2.7110273922001382E11	-2.2596356309445663E11
-4.990045982137366E10	-3.8168597479828125E11
-5.776899782551711E10	-3.677974646609436E11
4

-567088.1015498532	-577013.4602755962
2.7326197058169937E11	-2.2601896317029977E11
-4.921635157379602E10	-3.84163814895405E11
-5.714258719398843E10	-3.7017415457573535E11
4

-572352.6945707912	-584074.9134732086
2.754212019206622E11	-2.2607436325471075E11
-4.8532243323725815E10	-3.866416549893281E11
-5.651617087046498E10	-3.7255085452897595E11
4

-577617.7914504469	-591157.4594503347
2.775804332372297E11	-2.261297633476611E11
-4.784813507120553E10	-3.891194950800801E11
-5.588974893629883E10	-3.74927564376705E11
4

-582883.3267486923	-598260.8464429291
2.797396645317252E11	-2.2618516344912515E11
-4.716402681627649E10	-3.9159733516769104E11
-5.526332147110296E10	-3.773042839780493E11
4

-588149.2372381025	-605384.826709612
2.8189889580446796E11	-2.2624056355907492E11
-4.647991855897992E10	-3.9407517525219147E11
-5.463688855280073E10	-3.796810131951364E11
4

-593415.461831235	-612529.1564578961
2.840581270557699E11	-2.2629596367747964E11
-4.579581029935541E10	-3.9655301533361273E11
-5.4010450257672264E10	-3.820577518930088E11
4

-598681.941510435	-619693.5957716546
2.862173582859337E11	-2.2635136380430774E11
-4.511170203744191E10	-3.9903085541198285E11
-5.338400666040249E10	-3.844344999395434E11
4

-603948.6192600279	-626877.9085399371
2.883765894952639E11	-2.2640676393952762E11
-4.4427593773278015E10	-4.015086954873149E11
-5.27575578341244E10	-3.868112572053691E11
4

-609215.4400008426	-634081.8623870407
2.905358206840509E11	-2.264621640831051E11
-4.37434855069008E10	-4.039865355596596E11
-5.2131103850461586E10	-3.8918802356380133E11
4

-614482.350527046	-641305.2286038868
2.926950518525884E11	-2.265175642350038E11
-4.305937723834729E10	-4.064643756290435E11
-5.150464477956977E10	-3.9156479889075116E11
4

-619749.2994450281	-648547.782080613
2.9485428300115826E11	-2.2657296439519067E11
-4.237526896765306E10	-4.089422156954725E11
-5.087818069017742E10	-3.939415830646669E11
4

-625016.2371144942	-655809.3012404353
2.970135141300406E11	-2.266283645636266E11
-4.169116069485371E10	-4.114200557590081E11
-5.025171164962378E10	-3.963183759664599E11
4

-630283.115591485	-663089.5679747338
2.991727452395112E11	-2.266837647402741E11
-4.1007052419983154E10	-4.1389789581963873E11
-4.962523772389625E10	-3.9869517747944135E11
4

-635549.8885733571	-670388.367579367
3.0133197632983527E11	-2.2673916492509497E11
-4.0322944143075676E10	-4.1637573587742596E11
-4.899875897766557E10	-4.010719874892587E11
4

-640816.5113456547	-677705.4886921524
3.034912074012779E11	-2.2679456511804938E11
-3.963883586416402E10	-4.1885357593238E11
-4.837227547432267E10	-4.034488058838292E11
4

-646082.9407307735	-685040.7232315328
3.056504384541012E11	-2.2684996531909686E11
-3.895472758328043E10	-4.213314159845222E11
-4.774578727601112E10	-4.058256325532827E11
4

-651349.1350383515	-692393.8663364435
3.0780966948855853E11	-2.2690536552819846E11
-3.827061930045717E10	-4.238092560338941E11
-4.711929444365954E10	-4.082024673899019E11
4

-656615.0540173491	-699764.7163072745
3.0996890050489984E11	-2.2696076574531055E11
-3.758651101572468E10	-4.262870960805181E11
-4.649279703701302E10	-4.1057931028807117E11
4

-661880.6588097346	-707153.0745480298
3.1212813150337335E11	-2.2701616597039185E11
-3.690240272911412E10	-4.2876493612441534E11
-4.586629511466542E10	-4.129561611442136E11
4

-667145.9119057544	-714558.7455095161
3.1428736248421594E11	-2.2707156620340033E11
-3.621829444065464E10	-4.3124277616560297E11
-4.5239788734086235E10	-4.15333019856748E11
4

-672410.7771006799	-721981.5366336863
3.1644659344766974E11	-2.27126966444293E11
-3.553418615037607E10	-4.337206162041177E11
-4.461327795165118E10	-4.177098863260319E11
4

-677675.2194530163	-729421.258299057
3.186058243939619E11	-2.271823666930255E11
-3.4850077858306755E10	-4.361984562399836E11
-4.3986762822669266E10	-4.2008676045431213E11
4

-682939.2052441061	-736877.7237671519
3.207650553233267E11	-2.2723776694955478E11
-3.4165969564474724E10	-4.3867629627322546E11
-4.33602434014093E10	-4.224636421456865E11
4

-688202.701939089	-744350.7491300196
3.2292428623598584E11	-2.2729316721383627E11
-3.3481861268907738E10	-4.4115413630386835E11
-4.2733719741126205E10	-4.248405313060407E11
4

-693465.6781491478	-751840.1532587582
3.2508351713216156E11	-2.273485674858267E11
-3.2797752971632545E10	-4.4363197633192694E11
-4.210719189408622E10	-4.272174278430162E11
4

-698728.1035950418	-759345.7577530651
3.272427480120696E11	-2.2740396776547986E11
-3.211364467267584E10	-4.46109816357429E11
-4.1480659911591255E10	-4.29594331665967E11
4

-703989.9490718076	-766867.3868917343
3.294019788759237E11	-2.2745936805275067E11
-3.142953637206329E10	-4.4858765638040466E11
-4.085412384400245E10	-4.3197124268591016E11
4

-709251.1864146721	-774404.8675841901
3.315612097239333E11	-2.2751476834759625E11
-3.0745428069820488E10	-4.510654964008808E11
-4.0227583740763145E10	-4.3434816081548975E11
4

-714511.7884660576	-781958.0293229104
3.337204405563053E11	-2.2757016864996814E11
-3.0061319765972248E10	-4.535433364188748E11
-3.960103965042122E10	-4.3672508596893823E11
4

-719771.7290437169	-789526.7041368312
3.3587967137323926E11	-2.2762556895982333E11
-2.9377211460543114E10	-4.5602117643439343E11
-3.897449162065054E10	-4.391020180620347E11
4

-725030.9829098526	-797110.7265456421
3.380389021749327E11	-2.2768096927711453E11
-2.8693103153556923E10	-4.5849901644749E11
-3.834793969827153E10	-4.414789570120735E11
4

-730289.5257413321	-804709.9335150014
3.40198132961586E11	-2.2773636960179654E11
-2.800899484503724E10	-4.6097685645816077E11
-3.7721383929272095E10	-4.438559027378162E11
4

-735547.3341008213	-812324.164412629
3.423573637333869E11	-2.2779176993382312E11
-2.7324886535006985E10	-4.6345469646644324E11
-3.709482435882678E10	-4.4623285515947327E11
4

-740804.3854088754	-819953.2609652565
3.4451659449052313E11	-2.2784717027314877E11
-2.6640778223488903E10	-4.6593253647235144E11
-3.646826103131664E10	-4.486098141986575E11
4

-746060.6579169569	-827597.0672164684
3.466758252331852E11	-2.2790257061972818E11
-2.595666991050503E10	-4.684103764759156E11
-3.5841693990346504E10	-4.5098677977835626E11
4

-751316.1306813157	-835255.4294853262
3.488350559615496E11	-2.2795797097351483E11
-2.5272561596077187E10	-4.7088821647713934E11
-3.52151232787647E10	-4.533637518228986E11
4

-756570.7835377266	-842928.1963258382
3.509942866757968E11	-2.2801337133446228E11
-2.458845328022657E10	-4.733660564760724E11
-3.4588548938678696E10	-4.5574073025792285E11
4

-761824.5970770555	-850615.2184872478
3.531535173761057E11	-2.280687717025252E11
-2.3904344962974236E10	-4.758438964727042E11
-3.3961971011473278E10	-4.5811771501034814E11
4

-767077.5526216105	-858316.3488750837
3.5531274806264636E11	-2.2812417207765723E11
-2.3220236644340492E10	-4.783217364670701E11
-3.333538953782675E10	-4.6049470600834454E11
4

-772329.6322022283	-866031.4425129817
3.574719787355898E11	-2.281795724598135E11
-2.2536128324345615E10	-4.807995764591987E11
-3.2708804557726994E10	-4.6287170318130597E11
4

-777580.8185361514	-873760.3565052833
3.596312093951032E11	-2.2823497284894733E11
-2.185202000300939E10	-4.8327741644910693E11
-3.2082216110486965E10	-4.652487064598215E11
4

-782831.0950055962	-881502.9500003415
3.617904400413514E11	-2.2829037324501443E11
-2.1167911680350998E10	-4.857552564367995E11
-3.1455624234760124E10	-4.6762571577564246E11
4

-788080.4456369918	-889259.0841546346
3.639496706744954E11	-2.2834577364796793E11
-2.0483803356389675E10	-4.8823309642230273E11
-3.082902896855439E10	-4.700027310616686E11
4

-793328.8550809011	-897028.6220974566
3.6610890129469476E11	-2.2840117405776248E11
-1.9799695031143795E10	-4.907109364056424E11
-3.0202430349247395E10	-4.723797522519136E11
4

-798576.3085926004	-904811.4288964157
3.6826813190210583E11	-2.2845657447435297E11
-1.9115586704631947E10	-4.931887763868367E11
-2.957582841359986E10	-4.747567792814821E11
4

-803822.7920132347	-912607.3715236065
3.7042736249688043E11	-2.2851197489769598E11
-1.843147837687191E10	-4.956666163659039E11
-2.894922319776927E10	-4.7713381208654755E11
4

-809068.2917516268	-920416.3188223826
3.7258659307917316E11	-2.285673753277438E11
-1.774737004788142E10	-4.9814445634286273E11
-2.832261473732287E10	-4.795108506043299E11
4

-814312.7947666168	-928238.1414748529
3.747458236491293E11	-2.2862277576445245E11
-1.7063261717677814E10	-5.0062229631773193E11
-2.7696003067250767E10	-4.818878947730659E11
4

-819556.288550003	-936072.7119700034
3.7690505420689795E11	-2.286781762077785E11
-1.6379153386277983E10	-5.031001362905308E11
-2.706938822197809E10	-4.8426494453199414E11
4

-824798.7611099827	-943919.9045724204
3.790642847526235E11	-2.287335766576773E11
-1.5695045053698656E10	-5.0557797626127875E11
-2.644277023537705E10	-4.866419998213335E11
4

-830040.2009551752	-951779.595291644
3.8122351528644293E11	-2.287889771141039E11
-1.5010936719956224E10	-5.080558162299882E11
-2.581614914077975E10	-4.8901906058225696E11
4

-835280.5970790632	-959651.6618521647
3.833827458085009E11	-2.2884437757701254E11
-1.4326828385066755E10	-5.105336561966676E11
-2.5189524970987877E10	-4.913961267568769E11
4

-840519.9389450069	-967535.9836639501
3.855419763189312E11	-2.2889977804636368E11
-1.3642720049046041E10	-5.1301149616135126E11
-2.4562897758285187E10	-4.9377319828822046E11
4

-845758.2164717009	-975432.441793589
3.877012068178702E11	-2.2895517852211005E11
-1.295861171190959E10	-5.1548933612405994E11
-2.393626753444849E10	-4.9615027512021094E11
4

-850995.420019061	-983340.9189359845
3.898604373054502E11	-2.2901057900420917E11
-1.227450337367264E10	-5.179671760848128E11
-2.3309634330757126E10	-4.985273571976552E11
4

-856231.5403745704	-991261.2993866086
3.9201966778180286E11	-2.2906597949261792E11
-1.159039503435017E10	-5.2044501604358844E11
-2.268299817800432E10	-5.009044444662157E11
4

-861466.5687400805	-999193.4690142907
3.941788982470533E11	-2.2912137998729248E11
-1.0906286693956797E10	-5.2292285600044745E11
-2.2056359106506958E10	-5.032815368724011E11
4

-866700.4967189789	-1007137.3152345736
3.963381287013294E11	-2.2917678048819302E11
-1.0222178352507027E10	-5.254006959554019E11
-2.1429717146115288E10	-5.0565863436354315E11
4

-871933.3163037932	-1015092.7269835356
3.9849735914476086E11	-2.292321809952729E11
-9.538070010015017E9	-5.2787853590843274E11
-2.0803072326222847E10	-5.080357368877819E11
4

-877165.0198641488	-1023059.5946921404
4.006565895774607E11	-2.2928758150849356E11
-8.853961666494661E9	-5.303563758596081E11
-2.0176424675774467E10	-5.1041284439405255E11
4

-882395.6001351204	-1031037.8102611343
4.0281581999955646E11	-2.2934298202781128E11
-8.169853321959645E9	-5.3283421580889026E11
-1.954977422327722E10	-5.1278995683206256E11
4

-887625.0502059311	-1039027.2670363602
4.049750504111668E11	-2.2939838255318384E11
-7.4857449764234295E9	-5.3531205575634656E11
-1.892312099680788E10	-5.151670741522794E11
4

-892853.3635090268	-1047027.8597846027
4.071342808124015E11	-2.2945378308457138E11
-6.801636629899216E9	-5.377898957019434E11
-1.8296465024022446E10	-5.175441963059182E11
4

-898080.5338094712	-1055039.4846698637
4.092935112033858E11	-2.2950918362193167E11
-6.117528282399968E9	-5.4026773564575165E11
-1.7669806332163788E10	-5.199213232449221E11
4

-903306.5551946262	-1063062.0392301378
4.114527415842274E11	-2.2956458416522287E11
-5.433419933938444E9	-5.4274557558771936E11
-1.7043144948070139E10	-5.222984549219494E11
4

-908531.4220642436	-1071095.4223545876
4.1361197195503613E11	-2.2961998471440518E11
-4.74931158452718E9	-5.452234155279212E11
-1.641648089818331E10	-5.246755912903599E11
4

-913755.1291207571	-1079139.534261193
4.1577120231592255E11	-2.2967538526943918E11
-4.0652032341784897E9	-5.477012554663488E11
-1.5789814208556177E10	-5.2705273230420184E11
4

-918977.6713599408	-1087194.276474846
4.1793043266700006E11	-2.2973078583028317E11
-3.3810948829044747E9	-5.501790954030729E11
-1.5163144904860258E10	-5.29429877918181E11
4

-924199.0440618565	-1095259.551805811
4.2008966300836786E11	-2.297861863968975E11
-2.696986530717028E9	-5.526569353379247E11
-1.4536473012393484E10	-5.3180702808770215E11
4

-929419.2427819975	-1103335.264328638
4.22248893340136E11	-2.2984158696924454E11
-2.0128781776278546E9	-5.551347752711282E11
-1.3909798556086967E10	-5.341841827687966E11
4

-934638.2633428072	-1111421.319361491
4.24408123662406E11	-2.2989698754728143E11
-1.3287698236484532E9	-5.576126152026278E11
-1.3283121560512758E10	-5.365613419181219E11
4

-939856.1018254044	-1119517.6234458208
4.265673539752812E11	-2.2995238813097253E11
-6.446614687901233E8	-5.600904551323536E11
-1.2656442049889772E10	-5.389385054929671E11
4

-945072.754561527	-1127624.0843264875
4.287265842788579E11	-2.3000778872027643E11
3.944688693602032E7	-5.625682950604979E11
-1.2029760048091408E10	-5.4131567345123175E11
4

-950288.2181257796	-1135740.6109322142
4.308858145732399E11	-2.3006318931515576E11
7.235552435190483E8	-5.650461349868566E11
-1.1403075578651531E10	-5.436928457514162E11
4

-955502.4893280803	-1143867.1133564126
4.330450448585178E11	-2.301185899155726E11
1.4076636009482183E9	-5.675239749116252E11
-1.0776388664771248E10	-5.460700223526093E11
4

-960715.565206368	-1152003.5028384377
4.352042751347931E11	-2.3017399052148892E11
2.091771959212962E9	-5.700018148347299E11
-1.0149699329324883E10	-5.4844720321447577E11
4

-965927.4430194828	-1160149.6917450484
4.373635054021606E11	-2.3022939113286563E11
2.7758803183028893E9	-5.724796547561864E11
-9.523007594866482E9	-5.508243882972485E11
4

-971138.1202402925	-1168305.593552451
4.395227356607055E11	-2.3028479174966797E11
3.459988678207777E9	-5.749574946760691E11
-8.896313483635332E9	-5.532015775617136E11
4

-976347.5945490302	-1176471.122828442
4.4168196591052985E11	-2.3034019237185526E11
4.1440970389175825E9	-5.774353345942787E11
-8.269617017562028E9	-5.555787709692051E11
4

-981555.8638268076	-1184646.1952150192
4.4384119615171497E11	-2.303955929993954E11
4.82820540042241E9	-5.799131745109723E11
-7.6429182182742605E9	-5.579559684815939E11
4

-986762.9261493462	-1192830.7274113153
4.460004263843559E11	-2.3045099363224832E11
5.51231376271253E9	-5.823910144260016E11
-7.016217107102202E9	-5.603331700612712E11
4

-991968.779780865	-1201024.6371568234
4.481596566085383E11	-2.305063942703783E11
6.1964221257784E9	-5.848688543395402E11
-6.389513705084004E9	-5.627103756711506E11
4

-997173.4231682072	-1209227.8432148886
4.503188868243492E11	-2.3056179491374905E11
6.88053048961058E9	-5.873466942514579E11
-5.76280803297118E9	-5.650875852746447E11
4

-1002376.8549350798	-1217440.2653566163
4.524781170318747E11	-2.3061719556232718E11
7.564638854199837E9	-5.898245341618761E11
-5.136100111233712E9	-5.674647988356715E11
4

-1007579.0738764942	-1225661.8243449891
4.5463734723119196E11	-2.3067259621607495E11
8.248747219537045E9	-5.923023740707524E11
-4.509389960065191E9	-5.698420163186337E11
4

-1012780.0789533778	-1233892.4419193272
4.5679657742239233E11	-2.3072799687495773E11
8.93285558561323E9	-5.947802139780858E11
-3.8826775993877172E9	-5.722192376884086E11
4

-1017979.8692873351	-1242132.04078003
4.589558076055551E11	-2.3078339753893954E11
9.616963952419598E9	-5.972580538839933E11
-3.2559630488569484E9	-5.745964629103506E11
4

-1023178.444155569	-1250380.5445735352
4.6111503778075793E11	-2.30838798207989E11
1.0301072319947466E10	-5.997358937882787E11
-2.629246327866511E9	-5.769736919502761E11
4

-1028375.8029859419	-1258637.8778776845
4.632742679480797E11	-2.308941988820693E11
1.0985180688188265E10	-6.022137336912047E11
-2.0025274555529215E9	-5.793509247744532E11
4

-1033571.9453521781	-1266903.9661872524
4.654334981076009E11	-2.309495995611462E11
1.1669289057133589E10	-6.046915735925663E11
-1.3758064507999787E9	-5.817281613495991E11
4

-1038766.8709692977	-1275178.7358997418
4.675927282594029E11	-2.310050002451883E11
1.235339742677519E10	-6.071694134924946E11
-7.490833322432841E8	-5.84105401642867E11
4

-1043960.5796889954	-1283462.1143015162
4.6975195840355E11	-2.3106040093416003E11
1.303750579710492E10	-6.096472533910637E11
-1.2235811827452332E8	-5.864826456218424E11
4

-1049153.0714953418	-1291754.0295540967
4.71911188540129E11	-2.311158016280268E11
1.372161416811474E10	-6.121250932880336E11
5.0436917295425E8	-5.888598932545322E11
4

-1054344.3465005013	-1300054.410680809
4.7407041866920935E11	-2.3117120232675974E11
1.4405722539796776E10	-6.146029331836743E11
1.1310985235264843E9	-5.912371445093629E11
4

-1059534.4049406883	-1308363.1875535476
4.7622964879086163E11	-2.3122660303032294E11
1.5089830912143255E10	-6.170807730779403E11
1.7578299157570465E9	-5.936143993551667E11
4

-1064723.2471720604	-1316680.2908799073
4.783888789051575E11	-2.312820037386843E11
1.577393928514647E10	-6.195586129706763E11
2.3845633321882653E9	-5.959916577611774E11
4

-1069910.873666908	-1325005.6521904338
4.805481090121695E11	-2.3133740445181253E11
1.6458047658799023E10	-6.220364528621014E11
3.01129875558602E9	-5.983689196970236E11
4

-1075097.2850098608	-1333339.2038262063
4.827073391119714E11	-2.3139280516967572E11
1.714215603309338E10	-6.245142927522106E11
3.6380361689359655E9	-6.007461851327229E11
4

-1080282.4818942354	-1341680.8789265505
4.848665692046257E11	-2.3144820589224173E11
1.782626440802231E10	-6.269921326407867E11
4.2647755554397507E9	-6.031234540386743E11
4

-1085466.4651185004	-1350030.6114170647
4.8702579929020795E11	-2.3150360661947803E11
1.8510372783578537E10	-6.294699725280712E11
4.89151689851142E9	-6.055007263856532E11
4

-1090649.235582798	-1358388.335997786
4.891850293687737E11	-2.3155900735135745E11
1.919448115975491E10	-6.319478124140687E11
5.51826018177384E9	-6.078780021447993E11
4

-1095830.7942856369	-1366753.9881316123
4.913442594403983E11	-2.3161440808784363E11
1.9878589536544933E10	-6.344256522986681E11
6.145005389055043E9	-6.102552812876183E11
4

-1101011.1423206087	-1375127.5040328787
4.935034895051455E11	-2.316698088289119E11
2.056269791394112E10	-6.369034921818893E11
6.771752504385264E9	-6.126325637859698E11
4

-1106190.2808732463	-1383508.8206562197
4.9566271956307996E11	-2.3172520957452762E11
2.124680629193698E10	-6.393813320638433E11
7.398501511992916E9	-6.150098496120684E11
4

-1111368.211217979	-1391897.875685552
4.9782194961426544E11	-2.3178061032466162E11
2.1930914670525955E10	-6.418591719445355E11
8.025252396301883E9	-6.17387138738467E11
4

-1116544.9347151194	-1400294.60752329
4.999811796587567E11	-2.318360110792845E11
2.2615023049701366E10	-6.443370118238733E11
8.652005141927912E9	-6.197644311380643E11
4

-1121720.4528080216	-1408698.955279738
5.0214040969662994E11	-2.318914118383665E11
2.3299131429456493E10	-6.468148517018652E11
9.278759733675858E9	-6.221417267840865E11
4

-1126894.767020247	-1417110.8587627083
5.042996397279313E11	-2.3194681260187744E11
2.3983239809785557E10	-6.492926915786162E11
9.905516156536175E9	-6.245190256500911E11
4

-1132067.8789528653	-1425530.2584672424
5.064588697527332E11	-2.320022133697898E11
2.4667348190681828E10	-6.517705314541313E11
1.053227439568212E10	-6.268963277099583E11
4

-1137239.7902817791	-1433957.095565581
5.086180997710913E11	-2.320576141420746E11
2.5351456572139187E10	-6.542483713284161E11
1.1159034436466866E10	-6.292736329378832E11
4

-1142410.5027552065	-1442391.3118973083
5.10777329783062E11	-2.321130149187016E11
2.603556495415146E10	-6.567262112013632E11
1.1785796264420406E10	-6.31650941308375E11
4

-1147580.0181911318	-1450832.8499596016
5.129365597887023E11	-2.3216841569964288E11
2.671967333671309E10	-6.592040510730444E11
1.24125598652468E10	-6.340282527962505E11
4

-1152748.3384749368	-1459281.6528977416
5.1509578978807E11	-2.322238164848728E11
2.7403781719817463E10	-6.616818909435172E11
1.3039325224821407E10	-6.36405567376627E11
4

-1157915.4655570143	-1467737.6644957173
5.1725501978122406E11	-2.3227921727436066E11
2.8087890103459507E10	-6.641597308127876E11
1.3666092329188135E10	-6.387828850249222E11
4

-1163081.4014505043	-1476200.8291670193
5.1941424976822394E11	-2.323346180680793E11
2.8771998487632954E10	-6.66637570680861E11
1.4292861164556765E10	-6.41160205716838E11
4

-1168246.148229074	-1484671.091945622
5.215734797491136E11	-2.323900188660012E11
2.945610687233219E10	-6.691154105477432E11
1.4919631717300516E10	-6.435375294283824E11
4

-1173409.7080247642	-1493148.398477037
5.237327097239605E11	-2.3244541966809872E11
3.0140215257551804E10	-6.715932504133872E11
1.5546403973952847E10	-6.459148561358291E11
4

-1178572.083025899	-1501632.6950096064
5.2589193969280316E11	-2.3250082047434805E11
3.0824323643286346E10	-6.74071090277786E11
1.6173177921205801E10	-6.482921858157386E11
4

-1183733.275475065	-1510123.928385931
5.280511696557067E11	-2.3255622128471896E11
3.1508432029530083E10	-6.765489301410173E11
1.6799953545906883E10	-6.506695184449443E11
4

-1188893.2876671078	-1518622.046034391
5.3021039961272046E11	-2.326116220991854E11
3.219254041627775E10	-6.790267700030872E11
1.742673083505695E10	-6.530468540005508E11
4

-1194052.1219472762	-1527126.9959608705
5.323696295638943E11	-2.3266702291772214E11
3.287664880352435E10	-6.81504609864002E11
1.805350977580776E10	-6.554241924599302E11
4

-1199209.780709289	-1535638.7267406024
5.345288595092788E11	-2.327224237403034E11
3.3560757191264557E10	-6.839824497237675E11
1.8680290355459576E10	-6.578015338007133E11
4

-1204366.2663935982	-1544157.187510102
5.366880894489252E11	-2.3277782456690155E11
3.4244865579493343E10	-6.864602895823904E11
1.9307072561458996E10	-6.601788780007926E11
4

-1209521.5814855925	-1552682.3279593494
5.3884731938288556E11	-2.328332253974918E11
3.492897396820534E10	-6.889381294398768E11
1.993385638139647E10	-6.625562250383119E11
4

-1214675.7285138986	-1561214.0983240134
5.410065493112073E11	-2.328886262320492E11
3.561308235739579E10	-6.91415969296233E11
2.056064180300469E10	-6.649335748916685E11
4

-1219828.7100487298	-1569752.449377831
5.431657792339323E11	-2.3294402707054855E11
3.629719074705949E10	-6.93893809151466E11
2.1187428814155575E10	-6.673109275395012E11
4

-1224980.528700314	-1578297.3324251068
5.453250091511223E11	-2.329994279129644E11
3.6981299137191895E10	-6.963716490055817E11
2.1814217402858715E10	-6.696882829606959E11
4

-1230131.1871172753	-1586848.6992933361
5.4748423906280914E11	-2.3305482875927087E11
3.766540752778838E10	-6.988494888585742E11
2.244100755725944E10	-6.720656411343771E11
4

-1235280.6879851343	-1595406.5023260056
5.496434689690493E11	-2.3311022960944556E11
3.834951591884423E10	-7.013273287104331E11
2.3067799265636147E10	-6.744430020399009E11
4

-1240429.0340248733	-1603970.6943754442
5.518026988699008E11	-2.3316563046346344E11
3.9033624310354675E10	-7.038051685612018E11
2.3694592516399014E10	-6.768203656568597E11
4

-1245576.2279914608	-1612541.2287957985
5.539619287653778E11	-2.3322103132129907E11
3.971773270231484E10	-7.062830084108872E11
2.432138729808747E10	-6.791977319650719E11
4

-1250722.2726725112	-1621118.0594361664
5.561211586555457E11	-2.332764321829289E11
4.0401841094719795E10	-7.087608482594958E11
2.4948183599368717E10	-6.815751009445809E11
4

-1255867.1708868297	-1629701.1406338727
5.582803885404481E11	-2.3333183304833173E11
4.108594948756666E10	-7.112386881070353E11
2.5574981409035305E10	-6.839524725756539E11
4

-1261010.9254832494	-1638290.4272076986
5.6043961842013E11	-2.3338723391748077E11
4.177005788085016E10	-7.137165279535126E11
2.6201780716003944E10	-6.863298468387744E11
4

-1266153.5393392788	-1646885.8744514498
5.625988482946367E11	-2.3344263479035352E11
4.245416627456486E10	-7.161943677989343E11
2.6828581509313133E10	-6.887072237146355E11
4

-1271295.0153598567	-1655487.4381273894
5.647580781639841E11	-2.3349803566692715E11
4.313827466870895E10	-7.186722076433083E11
2.7455383778121616E10	-6.910846031841611E11
4

-1276435.3564761889	-1664095.0744599837
5.669173080282366E11	-2.3355343654717865E11
4.382238306327584E10	-7.21150047486642E11
2.8082187511706596E10	-6.934619852284648E11
4

-1281574.565644544	-1672708.7401296566
5.690765378874437E11	-2.3360883743108475E11
4.450649145826203E10	-7.236278873289421E11
2.870899269946207E10	-6.958393698288737E11
4

-1286712.6458451601	-1681328.3922666416
5.712357677416532E11	-2.3366423831862195E11
4.519059985366502E10	-7.261057271702168E11
2.933579933089711E10	-6.982167569669149E11
4

-1291849.6000811234	-1689953.9884449209
5.733949975908845E11	-2.3371963920977213E11
4.587470824947874E10	-7.285835670104736E11
2.996260739563318E10	-7.005941466243195E11
4

-1296985.4313772977	-1698585.4866763428
5.755542274351653E11	-2.3377504010450858E11
4.655881664569957E10	-7.310614068497198E11
3.058941688340593E10	-7.029715387830092E11
4

-1302120.1427793216	-1707222.8454047383
5.777134572745851E11	-2.3383044100281067E11
4.7242925042323845E10	-7.33539246687923E11
3.1216227784059128E10	-7.053489334251101E11
4

-1307253.7373525468	-1715866.0235002115
5.798726871091313E11	-2.3388584190465625E11
4.792703343934784E10	-7.360170865251116E11
3.184304008754543E10	-7.077263305329326E11
4

-1312386.2181810848	-1724514.9802534478
5.820319169388734E11	-2.3394124281002567E11
4.86111418367678E10	-7.384949263613057E11
3.2469853783924744E10	-7.101037300889747E11
4

-1317517.5883669038	-1733169.6753701482
5.84191146763845E11	-2.3399664371889426E11
4.929525023457989E10	-7.409727661965128E11
3.3096668863362503E10	-7.124811320759261E11
4

-1322647.8510288338	-1741830.06896562
5.863503765840756E11	-2.3405204463124176E11
4.9979358632780174E10	-7.434506060307405E11
3.3723485316128017E10	-7.148585364766543E11
4

-1327777.0093017232	-1750496.1215593196
5.885096063996074E11	-2.3410744554704773E11
5.0663467031364716E10	-7.459284458639978E11
3.435030313259334E10	-7.172359432742095E11
4

-1332905.066335523	-1759167.7940695742
5.906688362104973E11	-2.3416284646629163E11
5.134757543032948E10	-7.484062856962926E11
3.49771223032317E10	-7.196133524518234E11
4

-1338032.0252944862	-1767845.0478083682
5.928280660167275E11	-2.342182473889526E11
5.2031683829672104E10	-7.508841255276327E11
3.5603942818615685E10	-7.219907639928975E11
4

-1343157.8893563575	-1776527.8444762093
5.949872958184003E11	-2.3427364831500977E11
5.271579222938918E10	-7.533619653580266E11
3.623076466941623E10	-7.24368177881013E11
4

-1348282.6617115266	-1785216.1461570943
5.971465256155217E11	-2.3432904924444186E11
5.339990062947474E10	-7.558398051874834E11
3.685758784640202E10	-7.267455940999177E11
4

-1353406.34556229	-1793909.9153134746
5.993057554080986E11	-2.3438445017722745E11
5.408400902992896E10	-7.583176450160112E11
3.74844123404365E10	-7.291230126335302E11
4

-1358528.9441220856	-1802609.1147814475
6.014649851962113E11	-2.3443985111334995E11
5.476811743074476E10	-7.607954848436183E11
3.8111238142477615E10	-7.315004334659331E11
4

-1363650.4606147911	-1811313.7077658426
6.036242149798888E11	-2.3449525205278717E11
5.5452225831922226E10	-7.632733246702198E11
3.873806524357621E10	-7.33877856581378E11
4

-1368770.8982740089	-1820023.657835571
6.057834447591611E11	-2.345506529955193E11
5.61363342334543E10	-7.657511644958607E11
3.936489363487505E10	-7.362552819642689E11
4

-1373890.260342344	-1828738.928918882
6.079426745340359E11	-2.3460605394152658E11
5.682044263534156E10	-7.682290043205992E11
3.9991723307607315E10	-7.386327095991793E11
4

-1379008.550070792	-1837459.4852988082
6.101019043045614E11	-2.3466145489079218E11
5.750455103757845E10	-7.70706844144444E11
4.061855425309569E10	-7.410101394708333E11
4

-1384125.7707180714	-1846185.2916086267
6.122611340707804E11	-2.3471685584329303E11
5.8188659440161385E10	-7.731846839674037E11
4.124538646275037E10	-7.43387571564113E11
4

-1389241.925549981	-1854916.312827408
6.144203638327244E11	-2.3477225679901108E11
5.887276784308757E10	-7.756625237894879E11
4.1872219928068825E10	-7.457650058640546E11
4

-1394357.0178388057	-1863652.514275623
6.165795935904246E11	-2.3482765775792804E11
5.95568762463558E10	-7.781403636107063E11
4.249905464063385E10	-7.48142442355842E11
4

-1399471.05086275	-1872393.861610856
6.187388233439132E11	-2.3488305872002557E11
6.024098464996137E10	-7.806182034309797E11
4.312589059211304E10	-7.505198810248116E11
4

-1404584.0279053191	-1881140.3208234885
6.208980530932224E11	-2.3493845968528522E11
6.092509305390114E10	-7.830960432502866E11
4.375272777425731E10	-7.528973218564447E11
4

-1409695.952254793	-1889891.8582325599
6.230572828383849E11	-2.3499386065368814E11
6.160920145817214E10	-7.855738830687457E11
4.4379566178899956E10	-7.552747648363685E11
4

-1414806.8272036815	-1898648.4404816378
6.252165125794338E11	-2.350492616252155E11
6.229330986277143E10	-7.880517228863668E11
4.5006405797955284E10	-7.576522099503534E11
4

-1419916.656048196	-1907410.034534741
6.27375742316379E11	-2.3510466259984818E11
6.297741826769601E10	-7.905295627031604E11
4.563324662341767E10	-7.600296571843086E11
4

-1425025.442087761	-1916176.6076723803
6.295349720492554E11	-2.3516006357756686E11
6.3661526672942795E10	-7.93007402519136E11
4.626008864736102E10	-7.624071065242853E11
4

-1430133.1886245	-1924948.127487578
6.31694201778111E11	-2.3521546455835968E11
6.434563507851075E10	-7.95485242334136E11
4.688693186193686E10	-7.64784557956473E11
4

-1435239.8989627745	-1933724.5618819876
6.338534315029807E11	-2.3527086554220245E11
6.502974348439559E10	-7.979630821482485E11
4.751377625937373E10	-7.671620114671947E11
4

-1440345.5764086896	-1942505.8790620978
6.360126612238995E11	-2.3532626652908115E11
6.571385189059383E10	-8.004409219615625E11
4.814062183197625E10	-7.695394670429081E11
4

-1445450.224269693	-1951292.0475354684
6.381718909408453E11	-2.3538166751897522E11
6.639796029710223E10	-8.029187617740886E11
4.876746857212401E10	-7.719169246702024E11
4

-1450553.8458541133	-1960083.0361070225
6.403311206538809E11	-2.3543706851187244E11
6.708206870392117E10	-8.053966015858375E11
4.939431647227075E10	-7.742943843357977E11
4

-1455656.444470727	-1968878.8138753814
6.42490350363064E11	-2.3549246950775E11
6.776617711104547E10	-8.078744413966188E11
5.002116552494317E10	-7.766718460265435E11
4

-1460758.023428374	-1977679.3502292736
6.446495800683729E11	-2.3554787050659207E11
6.845028551847143E10	-8.103522812065459E11
5.0648015722741615E10	-7.790493097294185E11
4

-1465858.5860355643	-1986484.614844014
6.468088097698483E11	-2.356032715083847E11
6.913439392619366E10	-8.128301210157163E11
5.127486705833327E10	-7.814267754315234E11
4

-1470958.1356000553	-1995294.5776779784
6.48968039467573E11	-2.3565867251310977E11
6.98185023342246E10	-8.153079608241405E11
5.1901719524459885E10	-7.838042431200833E11
4

-1476056.6754285267	-2004109.2089692443
6.511272691614554E11	-2.3571407352074948E11
7.050261074254776E10	-8.177858006317577E11
5.252857311393112E10	-7.861817127824459E11
4

-1481154.2088261773	-2012928.4792320472
6.532864988516538E11	-2.3576947453128738E11
7.118671915116089E10	-8.20263640438392E11
5.315542781962549E10	-7.885591844060809E11
4

-1486250.7390964124	-2021752.359253612
6.5544572853809E11	-2.358248755447069E11
7.18708275600621E10	-8.227414802443026E11
5.378228363448889E10	-7.909366579785742E11
4

-1491346.2695404945	-2030580.8200907824
6.576049582208805E11	-2.358802765609937E11
7.255493596925262E10	-8.252193200495006E11
5.440914055153403E10	-7.933141334876315E11
4

-1496440.8034571817	-2039413.8330667785
6.597641878999603E11	-2.359356775801316E11
7.323904437873393E10	-8.276971598539537E11
5.503599856383951E10	-7.956916109210774E11
4

-1501534.3441424707	-2048251.369768013
6.619234175754636E11	-2.3599107860210202E11
7.392315278849658E10	-8.301749996573953E11
5.5662857664549286E10	-7.980690902668462E11
4

-1506626.89488922	-2057093.4020409775
6.640826472472802E11	-2.3604647962688773E11
7.460726119853865E10	-8.326528394601462E11
5.628971784687129E10	-8.004465715129877E11
4

-1511718.458986931	-2065939.9019891045
6.662418769155592E11	-2.3610188065448007E11
7.52913696088582E10	-8.351306792622179E11
5.691657910407725E10	-8.028240546476643E11
4

-1516809.0397213835	-2074790.8419697136
6.684011065802675E11	-2.3615728168485587E11
7.597547801945311E10	-8.37608519063507E11
5.754344142950146E10	-8.052015396591484E11
4

-1521898.6403744097	-2083646.1945910456
6.705603362414174E11	-2.3621268271800433E11
7.665958643032141E10	-8.400863588638568E11
5.817030481654024E10	-8.075790265358219E11
4

-1526987.264223608	-2092505.9327092157
6.727195658990896E11	-2.3626808375390594E11
7.734369484146103E10	-8.425641986635518E11
5.8797169258650856E10	-8.099565152661731E11
4

-1532074.9145420503	-2101370.0294253766
6.748787955532634E11	-2.3632348479255157E11
7.80278032528698E10	-8.450420384626036E11
5.942403474935131E10	-8.123340058387974E11
4

-1537161.5945981161	-2110238.4580827756
6.770380252039459E11	-2.363788858339194E11
7.87119116645457E10	-8.475198782607286E11
6.005090128221894E10	-8.147114982424022E11
4

-1542247.3076551226	-2119111.192263923
6.791972548512115E11	-2.3643428687799615E11
7.939602007648648E10	-8.499977180580947E11
6.067776885089035E10	-8.170889924657786E11
4

-1547332.0569712042	-2127988.205787852
6.813564844950787E11	-2.364896879247721E11
8.008012848869E10	-8.524755578548418E11
6.130463744906022E10	-8.194664884978422E11
4

-1552415.845799017	-2136869.47270725
6.835157141355411E11	-2.365450889742273E11
8.076423690115408E10	-8.549533976508574E11
6.193150707048057E10	-8.218439863275988E11
4

-1557498.677385527	-2145754.967305833
6.85674943772607E11	-2.3660049002634766E11
8.144834531387636E10	-8.57431237445943E11
6.255837770896057E10	-8.242214859441597E11
4

-1562580.5549718384	-2154644.664095605
6.87834173406338E11	-2.3665589108111887E11
8.213245372685472E10	-8.599090772404342E11
6.318524935836515E10	-8.26598987336731E11
4

-1567661.481792929	-2163538.5378142917
6.899934030367533E11	-2.3671129213852667E11
8.281656214008672E10	-8.623869170343405E11
6.3812122012615036E10	-8.289764904946157E11
4

-1572741.4610774869	-2172436.5634226045
6.921526326638727E11	-2.3676669319855655E11
8.350067055357007E10	-8.648647568271958E11
6.443899566568573E10	-8.313539954072191E11
4

-1577820.4960477063	-2181338.7161018075
6.94311862287716E11	-2.3682209426119394E11
8.418477896730244E10	-8.673425966194834E11
6.506587031160633E10	-8.337315020640354E11
4

-1582898.5899190945	-2190244.971251092
6.964710919083032E11	-2.3687749532642413E11
8.486888738128134E10	-8.698204364112163E11
6.5692745944459854E10	-8.361090104546576E11
4

-1587975.7459003332	-2199155.3044851124
6.986303215256547E11	-2.369328963942381E11
8.555299579550446E10	-8.722982762019585E11
6.631962255838238E10	-8.38486520568768E11
4

-1593051.9671930405	-2208069.691631547
7.007895511397908E11	-2.3698829746461716E11
8.623710420997482E10	-8.747761159920951E11
6.6946500147561646E10	-8.408640323961453E11
4

-1598127.2569916716	-2216988.1087285965
7.02948780750732E11	-2.3704369853754553E11
8.692121262469128E10	-8.772539557817034E11
6.757337870623718E10	-8.432415459266542E11
4

-1603201.6184833017	-2225910.532022661
7.051080103584995E11	-2.370990996130151E11
8.760532103964569E10	-8.797317955703362E11
6.8200258228699844E10	-8.456190611502522E11
4

-1608275.0548474907	-2234836.937965952
7.07267239963114E11	-2.3715450069100873E11
8.828942945483534E10	-8.82209635358375E11
6.882713870929039E10	-8.479965780569849E11
4

-1613347.5692561765	-2243767.303214187
7.09426469564597E11	-2.3720990177151294E11
8.897353787025781E10	-8.846874751459126E11
6.945402014239929E10	-8.503740966369861E11
4

-1618419.1648734298	-2252701.604624258
7.1158569916297E11	-2.3726530285451596E11
8.96576462859168E10	-8.87165314932436E11
7.008090252246725E10	-8.527516168804703E11
4

-1623489.8448554245	-2261639.8192519373
7.137449287582546E11	-2.3732070394000415E11
9.03417547018152E10	-8.896431547184318E11
7.070778584398254E10	-8.551291387777526E11
4

-1628559.6123502522	-2270581.9243497155
7.15904158350473E11	-2.373761050279601E11
9.102586311793971E10	-8.921209945039005E11
7.133467010148137E10	-8.575066623192184E11
4

-1633628.470497796	-2279527.897364589
7.180633879396472E11	-2.3743150611838016E11
9.170997153428752E10	-8.945988342883684E11
7.196155528954846E10	-8.598841874953422E11
4

-1638696.4224295975	-2288477.7159358496
7.202226175257994E11	-2.3748690721124362E11
9.239407995086713E10	-8.970766740723774E11
7.258844140281476E10	-8.622617142966812E11
4

-1643763.471268791	-2297431.357892936
7.223818471089526E11	-2.3754230830653818E11
9.307818836767656E10	-8.995545138557368E11
7.321532843595772E10	-8.646392427138744E11
4

-1648829.6201299052	-2306388.801253391
7.245410766891296E11	-2.3759770940425186E11
9.37622967847024E10	-9.020323536382477E11
7.384221638370073E10	-8.670167727376375E11
4

-1653894.8721188365	-2315350.0242206883
7.267003062663035E11	-2.3765311050437253E11
9.444640520194786E10	-9.0451019342033E11
7.44691052408124E10	-8.693943043587728E11
4

-1658959.2303326568	-2324315.005182218
7.288595358405168E11	-2.3770851160688956E11
9.513051361942455E10	-9.0698803320158E11
7.509599500210652E10	-8.717718375681566E11
4

-1664022.6978596083	-2333283.7227072944
7.310187654118163E11	-2.3776391271178802E11
9.581462203711035E10	-9.094658729821937E11
7.572288566244107E10	-8.74149372356746E11
4

-1669085.2777789445	-2342256.155545121
7.331779949802256E11	-2.3781931381905536E11
9.64987304550126E10	-9.11943712762389E11
7.634977721671777E10	-8.765269087155745E11
4

-1674146.9731608718	-2351232.2826227513
7.353372245457354E11	-2.3787471492868082E11
9.718283887313823E10	-9.144215525415494E11
7.697666965988133E10	-8.789044466357505E11
4

-1679207.7870664098	-2360212.083043234
7.374964541083264E11	-2.3793011604065213E11
9.786694729146526E10	-9.168993923203265E11
7.760356298692006E10	-8.812819861084602E11
4

-1684267.7225473654	-2369195.536083669
7.396556836680919E11	-2.37985517154956E11
9.855105571001491E10	-9.193772320984125E11
7.823045719286433E10	-8.836595271249623E11
4

-1689326.782646223	-2378182.6211932627
7.418149132250568E11	-2.380409182715796E11
9.923516412877026E10	-9.21855071875767E11
7.885735227278613E10	-8.860370696765908E11
4

-1694384.9703960652	-2387173.3179915543
7.439741427791199E11	-2.3809631939051E11
9.991927254773E10	-9.243329116527694E11
7.948424822179884E10	-8.88414613754748E11
4

-1699442.2888205082	-2396167.606266455
7.461333723304177E11	-2.381517205117393E11
1.0060338096690646E11	-9.26810751428746E11
8.011114503505684E10	-8.907921593509207E11
4

-1704498.7409336215	-2405165.4659725153
7.482926018789686E11	-2.3820712163525522E11
1.0128748938627267E11	-9.292885912043577E11
8.073804270775531E10	-8.931697064566519E11
4

-1709554.3297398796	-2414166.8772290526
7.504518314246704E11	-2.3826252276104007E11
1.019715978058629E11	-9.317664309792795E11
8.136494123512767E10	-8.955472550635632E11
4

-1714609.0582340814	-2423171.8203184926
7.52611060967682E11	-2.383179238890919E11
1.026557062256369E11	-9.342442707535167E11
8.199184061245128E10	-8.97924805163345E11
4

-1719662.9294012839	-2432180.275684496
7.547702905079344E11	-2.3837332501938992E11
1.033398146456284E11	-9.367221105273839E11
8.261874083503862E10	-9.003023567477554E11
4

-1724715.9462167555	-2441192.2239303123
7.569295200454657E11	-2.384287261519301E11
1.040239230658037E11	-9.391999503002631E11
8.324564189824208E10	-9.026799098086206E11
4

-1729768.1116459435	-2450207.645816981
7.590887495803317E11	-2.38484127286693E11
1.047080314861916E11	-9.416777900728556E11
8.387254379745235E10	-9.050574643378362E11
4

-1734819.4286443763	-2459226.522261781
7.61247979112457E11	-2.3853952842367822E11
1.0539213990676031E11	-9.441556298446134E11
8.449944652809767E10	-9.07435020327364E11
4

-1739869.9001576377	-2468248.8343364913
7.634072086419862E11	-2.3859492956286417E11
1.0607624832754071E11	-9.466334696158816E11
8.512635008564474E10	-9.098125777692296E11
